-2.000000000000000000e+00
-1.949999999999999956e+00
-1.899999999999999911e+00
-1.849999999999999867e+00
-1.799999999999999822e+00
-1.749999999999999778e+00
-1.699999999999999734e+00
-1.649999999999999689e+00
-1.599999999999999645e+00
-1.549999999999999600e+00
-1.499999999999999556e+00
-1.449999999999999512e+00
-1.399999999999999467e+00
-1.349999999999999423e+00
-1.299999999999999378e+00
-1.249999999999999334e+00
-1.199999999999999289e+00
-1.149999999999999245e+00
-1.099999999999999201e+00
-1.049999999999999156e+00
-9.999999999999991118e-01
-9.499999999999990674e-01
-8.999999999999990230e-01
-8.499999999999989786e-01
-7.999999999999989342e-01
-7.499999999999988898e-01
-6.999999999999988454e-01
-6.499999999999988010e-01
-5.999999999999987566e-01
-5.499999999999987121e-01
-4.999999999999986677e-01
-4.499999999999986233e-01
-3.999999999999985789e-01
-3.499999999999985345e-01
-2.999999999999984901e-01
-2.499999999999984457e-01
-1.999999999999984013e-01
-1.499999999999983569e-01
-9.999999999999831246e-02
-4.999999999999826805e-02
1.776356839400250465e-15
5.000000000000159872e-02
1.000000000000018652e-01
1.500000000000021316e-01
2.000000000000019540e-01
2.500000000000017764e-01
3.000000000000020428e-01
3.500000000000023093e-01
4.000000000000021316e-01
4.500000000000019540e-01
5.000000000000022204e-01
5.500000000000024869e-01
6.000000000000023093e-01
6.500000000000021316e-01
7.000000000000023981e-01
7.500000000000026645e-01
8.000000000000024869e-01
8.500000000000023093e-01
9.000000000000025757e-01
9.500000000000028422e-01
1.000000000000002665e+00
1.050000000000002487e+00
1.100000000000002753e+00
1.150000000000003020e+00
1.200000000000002842e+00
1.250000000000002665e+00
1.300000000000002931e+00
1.350000000000003197e+00
1.400000000000003020e+00
1.450000000000002842e+00
1.500000000000003109e+00
1.550000000000003375e+00
1.600000000000003197e+00
1.650000000000003020e+00
1.700000000000003286e+00
1.750000000000003553e+00
1.800000000000003375e+00
1.850000000000003197e+00
1.900000000000003464e+00
1.950000000000003730e+00
2.000000000000003553e+00
2.050000000000003375e+00
2.100000000000003197e+00
2.150000000000003908e+00
2.200000000000003730e+00
2.250000000000003553e+00
2.300000000000004263e+00
2.350000000000004086e+00
2.400000000000003908e+00
2.450000000000003730e+00
2.500000000000003553e+00
2.550000000000004263e+00
2.600000000000004086e+00
2.650000000000003908e+00
2.700000000000004619e+00
2.750000000000004441e+00
2.800000000000004263e+00
2.850000000000004086e+00
2.900000000000003908e+00
2.950000000000004619e+00
3.000000000000004441e+00
3.050000000000004263e+00
3.100000000000004974e+00
3.150000000000004796e+00
3.200000000000004619e+00
3.250000000000004441e+00
3.300000000000004263e+00
3.350000000000004974e+00
3.400000000000004796e+00
3.450000000000004619e+00
3.500000000000005329e+00
3.550000000000005151e+00
3.600000000000004974e+00
3.650000000000004796e+00
3.700000000000004619e+00
3.750000000000005329e+00
3.800000000000005151e+00
3.850000000000004974e+00
3.900000000000005684e+00
3.950000000000005507e+00
4.000000000000005329e+00
4.050000000000005151e+00
4.100000000000004974e+00
4.150000000000005684e+00
4.200000000000005507e+00
4.250000000000005329e+00
4.300000000000006040e+00
4.350000000000005862e+00
4.400000000000005684e+00
4.450000000000005507e+00
4.500000000000005329e+00
4.550000000000006040e+00
4.600000000000005862e+00
4.650000000000005684e+00
4.700000000000006395e+00
4.750000000000006217e+00
4.800000000000006040e+00
4.850000000000005862e+00
4.900000000000005684e+00
4.950000000000006395e+00
5.000000000000006217e+00
5.050000000000006040e+00
5.100000000000006750e+00
5.150000000000006573e+00
5.200000000000006395e+00
5.250000000000006217e+00
5.300000000000006040e+00
5.350000000000006750e+00
5.400000000000006573e+00
5.450000000000006395e+00
5.500000000000007105e+00
5.550000000000006928e+00
5.600000000000006750e+00
5.650000000000006573e+00
5.700000000000006395e+00
5.750000000000007105e+00
5.800000000000006928e+00
5.850000000000006750e+00
5.900000000000007461e+00
5.950000000000007283e+00
6.000000000000007105e+00
6.050000000000007816e+00
6.100000000000006750e+00
6.150000000000007461e+00
6.200000000000006395e+00
6.250000000000007105e+00
6.300000000000007816e+00
6.350000000000006750e+00
6.400000000000007461e+00
6.450000000000008171e+00
6.500000000000007105e+00
6.550000000000007816e+00
6.600000000000008527e+00
6.650000000000007461e+00
6.700000000000008171e+00
6.750000000000007105e+00
6.800000000000007816e+00
6.850000000000008527e+00
6.900000000000007461e+00
6.950000000000008171e+00
7.000000000000007105e+00
7.050000000000007816e+00
7.100000000000008527e+00
7.150000000000007461e+00
7.200000000000008171e+00
7.250000000000008882e+00
7.300000000000007816e+00
7.350000000000008527e+00
7.400000000000009237e+00
7.450000000000008171e+00
7.500000000000008882e+00
7.550000000000007816e+00
7.600000000000008527e+00
7.650000000000009237e+00
7.700000000000008171e+00
7.750000000000008882e+00
7.800000000000007816e+00
7.850000000000008527e+00
7.900000000000009237e+00
7.950000000000008171e+00
8.000000000000008882e+00
8.050000000000009592e+00
8.100000000000008527e+00
8.150000000000009237e+00
8.200000000000009948e+00
8.250000000000008882e+00
8.300000000000009592e+00
8.350000000000008527e+00
8.400000000000009237e+00
8.450000000000009948e+00
8.500000000000008882e+00
8.550000000000009592e+00
8.600000000000008527e+00
8.650000000000009237e+00
8.700000000000009948e+00
8.750000000000008882e+00
8.800000000000009592e+00
8.850000000000010303e+00
8.900000000000009237e+00
8.950000000000009948e+00
9.000000000000010658e+00
9.050000000000009592e+00
9.100000000000010303e+00
9.150000000000009237e+00
9.200000000000009948e+00
9.250000000000010658e+00
9.300000000000009592e+00
9.350000000000010303e+00
9.400000000000009237e+00
9.450000000000009948e+00
9.500000000000010658e+00
9.550000000000009592e+00
9.600000000000010303e+00
9.650000000000011013e+00
9.700000000000009948e+00
9.750000000000010658e+00
9.800000000000011369e+00
9.850000000000010303e+00
9.900000000000011013e+00
9.950000000000009948e+00
1.000000000000001066e+01
1.005000000000001137e+01
1.010000000000001030e+01
1.015000000000001101e+01
1.020000000000000995e+01
1.025000000000001066e+01
1.030000000000001137e+01
1.035000000000001030e+01
1.040000000000001101e+01
1.045000000000001172e+01
1.050000000000001066e+01
1.055000000000001137e+01
1.060000000000001208e+01
1.065000000000001101e+01
1.070000000000001172e+01
1.075000000000001066e+01
1.080000000000001137e+01
1.085000000000001208e+01
1.090000000000001101e+01
1.095000000000001172e+01
1.100000000000001066e+01
1.105000000000001137e+01
1.110000000000001208e+01
1.115000000000001101e+01
1.120000000000001172e+01
1.125000000000001243e+01
1.130000000000001137e+01
1.135000000000001208e+01
1.140000000000001279e+01
1.145000000000001172e+01
1.150000000000001243e+01
1.155000000000001137e+01
1.160000000000001208e+01
1.165000000000001279e+01
1.170000000000001172e+01
1.175000000000001243e+01
1.180000000000001137e+01
1.185000000000001208e+01
1.190000000000001279e+01
1.195000000000001172e+01
1.200000000000001243e+01
1.205000000000001315e+01
1.210000000000001208e+01
1.215000000000001279e+01
1.220000000000001350e+01
1.225000000000001243e+01
1.230000000000001315e+01
1.235000000000001208e+01
1.240000000000001279e+01
1.245000000000001350e+01
1.250000000000001243e+01
1.255000000000001315e+01
1.260000000000001208e+01
1.265000000000001279e+01
1.270000000000001350e+01
1.275000000000001243e+01
1.280000000000001315e+01
1.285000000000001386e+01
1.290000000000001279e+01
1.295000000000001350e+01
1.300000000000001421e+01
1.305000000000001315e+01
1.310000000000001386e+01
1.315000000000001279e+01
1.320000000000001350e+01
1.325000000000001421e+01
1.330000000000001315e+01
1.335000000000001386e+01
1.340000000000001279e+01
1.345000000000001350e+01
1.350000000000001421e+01
1.355000000000001315e+01
1.360000000000001386e+01
1.365000000000001457e+01
1.370000000000001350e+01
1.375000000000001421e+01
1.380000000000001492e+01
1.385000000000001386e+01
1.390000000000001457e+01
1.395000000000001350e+01
1.400000000000001421e+01
1.405000000000001492e+01
1.410000000000001563e+01
1.415000000000001279e+01
1.420000000000001350e+01
1.425000000000001421e+01
1.430000000000001492e+01
1.435000000000001563e+01
1.440000000000001279e+01
1.445000000000001350e+01
1.450000000000001421e+01
1.455000000000001492e+01
1.460000000000001563e+01
1.465000000000001634e+01
1.470000000000001350e+01
1.475000000000001421e+01
1.480000000000001492e+01
1.485000000000001563e+01
1.490000000000001634e+01
1.495000000000001350e+01
1.500000000000001421e+01
1.505000000000001492e+01
1.510000000000001563e+01
1.515000000000001634e+01
1.520000000000001705e+01
1.525000000000001421e+01
1.530000000000001492e+01
1.535000000000001563e+01
1.540000000000001634e+01
1.545000000000001705e+01
1.550000000000001421e+01
1.555000000000001492e+01
1.560000000000001563e+01
1.565000000000001634e+01
1.570000000000001705e+01
1.575000000000001421e+01
1.580000000000001492e+01
1.585000000000001563e+01
1.590000000000001634e+01
1.595000000000001705e+01
1.600000000000001421e+01
1.605000000000001492e+01
1.610000000000001563e+01
1.615000000000001634e+01
1.620000000000001705e+01
1.625000000000001776e+01
1.630000000000001492e+01
1.635000000000001563e+01
1.640000000000001634e+01
1.645000000000001705e+01
1.650000000000001776e+01
1.655000000000001492e+01
1.660000000000001563e+01
1.665000000000001634e+01
1.670000000000001705e+01
1.675000000000001776e+01
1.680000000000001847e+01
1.685000000000001563e+01
1.690000000000001634e+01
1.695000000000001705e+01
1.700000000000001776e+01
1.705000000000001847e+01
1.710000000000001563e+01
1.715000000000001634e+01
1.720000000000001705e+01
1.725000000000001776e+01
1.730000000000001847e+01
1.735000000000001563e+01
1.740000000000001634e+01
1.745000000000001705e+01
1.750000000000001776e+01
1.755000000000001847e+01
1.760000000000001563e+01
1.765000000000001634e+01
1.770000000000001705e+01
1.775000000000001776e+01
1.780000000000001847e+01
1.785000000000001918e+01
1.790000000000001634e+01
1.795000000000001705e+01
1.800000000000001776e+01
1.805000000000001847e+01
1.810000000000001918e+01
1.815000000000001634e+01
1.820000000000001705e+01
1.825000000000001776e+01
1.830000000000001847e+01
1.835000000000001918e+01
1.840000000000001990e+01
1.845000000000001705e+01
1.850000000000001776e+01
1.855000000000001847e+01
1.860000000000001918e+01
1.865000000000001990e+01
1.870000000000001705e+01
1.875000000000001776e+01
1.880000000000001847e+01
1.885000000000001918e+01
1.890000000000001990e+01
1.895000000000001705e+01
1.900000000000001776e+01
1.905000000000001847e+01
1.910000000000001918e+01
1.915000000000001990e+01
1.920000000000001705e+01
1.925000000000001776e+01
1.930000000000001847e+01
1.935000000000001918e+01
1.940000000000001990e+01
1.945000000000002061e+01
1.950000000000001776e+01
1.955000000000001847e+01
1.960000000000001918e+01
1.965000000000001990e+01
1.970000000000002061e+01
1.975000000000001776e+01
1.980000000000001847e+01
1.985000000000001918e+01
1.990000000000001990e+01
1.995000000000002061e+01
2.000000000000002132e+01
2.005000000000001847e+01
2.010000000000001918e+01
2.015000000000001990e+01
2.020000000000002061e+01
2.025000000000002132e+01
2.030000000000001847e+01
2.035000000000001918e+01
2.040000000000001990e+01
2.045000000000002061e+01
2.050000000000002132e+01
2.055000000000001847e+01
2.060000000000001918e+01
2.065000000000001990e+01
2.070000000000002061e+01
2.075000000000002132e+01
2.080000000000001847e+01
2.085000000000001918e+01
2.090000000000001990e+01
2.095000000000002061e+01
2.100000000000002132e+01
2.105000000000002203e+01
2.110000000000001918e+01
2.115000000000001990e+01
2.120000000000002061e+01
2.125000000000002132e+01
2.130000000000002203e+01
2.135000000000001918e+01
2.140000000000001990e+01
2.145000000000002061e+01
2.150000000000002132e+01
2.155000000000002203e+01
2.160000000000002274e+01
2.165000000000001990e+01
2.170000000000002061e+01
2.175000000000002132e+01
2.180000000000002203e+01
2.185000000000002274e+01
2.190000000000001990e+01
2.195000000000002061e+01
2.200000000000002132e+01
2.205000000000002203e+01
2.210000000000002274e+01
2.215000000000001990e+01
2.220000000000002061e+01
2.225000000000002132e+01
2.230000000000002203e+01
2.235000000000002274e+01
2.240000000000001990e+01
2.245000000000002061e+01
2.250000000000002132e+01
2.255000000000002203e+01
2.260000000000002274e+01
2.265000000000002345e+01
2.270000000000002061e+01
2.275000000000002132e+01
2.280000000000002203e+01
2.285000000000002274e+01
2.290000000000002345e+01
2.295000000000002061e+01
2.300000000000002132e+01
2.305000000000002203e+01
2.310000000000002274e+01
2.315000000000002345e+01
2.320000000000002416e+01
2.325000000000002132e+01
2.330000000000002203e+01
2.335000000000002274e+01
2.340000000000002345e+01
2.345000000000002416e+01
2.350000000000002132e+01
2.355000000000002203e+01
2.360000000000002274e+01
2.365000000000002345e+01
2.370000000000002416e+01
2.375000000000002132e+01
2.380000000000002203e+01
2.385000000000002274e+01
2.390000000000002345e+01
2.395000000000002416e+01
2.400000000000002132e+01
2.405000000000002203e+01
2.410000000000002274e+01
2.415000000000002345e+01
2.420000000000002416e+01
2.425000000000002487e+01
2.430000000000002203e+01
2.435000000000002274e+01
2.440000000000002345e+01
2.445000000000002416e+01
2.450000000000002487e+01
2.455000000000002203e+01
2.460000000000002274e+01
2.465000000000002345e+01
2.470000000000002416e+01
2.475000000000002487e+01
2.480000000000002558e+01
2.485000000000002274e+01
2.490000000000002345e+01
2.495000000000002416e+01
2.500000000000002487e+01
2.505000000000002558e+01
2.510000000000002274e+01
2.515000000000002345e+01
2.520000000000002416e+01
2.525000000000002487e+01
2.530000000000002558e+01
2.535000000000002274e+01
2.540000000000002345e+01
2.545000000000002416e+01
2.550000000000002487e+01
2.555000000000002558e+01
2.560000000000002274e+01
2.565000000000002345e+01
2.570000000000002416e+01
2.575000000000002487e+01
2.580000000000002558e+01
2.585000000000002629e+01
2.590000000000002345e+01
2.595000000000002416e+01
2.600000000000002487e+01
2.605000000000002558e+01
2.610000000000002629e+01
2.615000000000002345e+01
2.620000000000002416e+01
2.625000000000002487e+01
2.630000000000002558e+01
2.635000000000002629e+01
2.640000000000002700e+01
2.645000000000002416e+01
2.650000000000002487e+01
2.655000000000002558e+01
2.660000000000002629e+01
2.665000000000002700e+01
2.670000000000002416e+01
2.675000000000002487e+01
2.680000000000002558e+01
2.685000000000002629e+01
2.690000000000002700e+01
2.695000000000002416e+01
2.700000000000002487e+01
2.705000000000002558e+01
2.710000000000002629e+01
2.715000000000002700e+01
2.720000000000002416e+01
2.725000000000002487e+01
2.730000000000002558e+01
2.735000000000002629e+01
2.740000000000002700e+01
2.745000000000002771e+01
2.750000000000002487e+01
2.755000000000002558e+01
2.760000000000002629e+01
2.765000000000002700e+01
2.770000000000002771e+01
2.775000000000002487e+01
2.780000000000002558e+01
2.785000000000002629e+01
2.790000000000002700e+01
2.795000000000002771e+01
2.800000000000002842e+01
2.805000000000002558e+01
2.810000000000002629e+01
2.815000000000002700e+01
2.820000000000002771e+01
2.825000000000002842e+01
2.830000000000002558e+01
2.835000000000002629e+01
2.840000000000002700e+01
2.845000000000002771e+01
2.850000000000002842e+01
2.855000000000002558e+01
2.860000000000002629e+01
2.865000000000002700e+01
2.870000000000002771e+01
2.875000000000002842e+01
2.880000000000002558e+01
2.885000000000002629e+01
2.890000000000002700e+01
2.895000000000002771e+01
2.900000000000002842e+01
2.905000000000002913e+01
2.910000000000002629e+01
2.915000000000002700e+01
2.920000000000002771e+01
2.925000000000002842e+01
2.930000000000002913e+01
2.935000000000002629e+01
2.940000000000002700e+01
2.945000000000002771e+01
2.950000000000002842e+01
2.955000000000002913e+01
2.960000000000002984e+01
2.965000000000002700e+01
2.970000000000002771e+01
2.975000000000002842e+01
2.980000000000002913e+01
2.985000000000002984e+01
2.990000000000002700e+01
2.995000000000002771e+01
3.000000000000002842e+01
3.005000000000002558e+01
3.010000000000002984e+01
3.015000000000002700e+01
3.020000000000003126e+01
3.025000000000002842e+01
3.030000000000002558e+01
3.035000000000002984e+01
3.040000000000002700e+01
3.045000000000003126e+01
3.050000000000002842e+01
3.055000000000002558e+01
3.060000000000002984e+01
3.065000000000002700e+01
3.070000000000003126e+01
3.075000000000002842e+01
3.080000000000002558e+01
3.085000000000002984e+01
3.090000000000002700e+01
3.095000000000003126e+01
3.100000000000002842e+01
3.105000000000003268e+01
3.110000000000002984e+01
3.115000000000002700e+01
3.120000000000003126e+01
3.125000000000002842e+01
3.130000000000003268e+01
3.135000000000002984e+01
3.140000000000002700e+01
3.145000000000003126e+01
3.150000000000002842e+01
3.155000000000003268e+01
3.160000000000002984e+01
3.165000000000002700e+01
3.170000000000003126e+01
3.175000000000002842e+01
3.180000000000003268e+01
3.185000000000002984e+01
3.190000000000002700e+01
3.195000000000003126e+01
3.200000000000002842e+01
3.205000000000003268e+01
3.210000000000002984e+01
3.215000000000002700e+01
3.220000000000003126e+01
3.225000000000002842e+01
3.230000000000003268e+01
3.235000000000002984e+01
3.240000000000003411e+01
3.245000000000003126e+01
3.250000000000002842e+01
3.255000000000003268e+01
3.260000000000002984e+01
3.265000000000003411e+01
3.270000000000003126e+01
3.275000000000002842e+01
3.280000000000003268e+01
3.285000000000002984e+01
3.290000000000003411e+01
3.295000000000003126e+01
3.300000000000002842e+01
3.305000000000003268e+01
3.310000000000002984e+01
3.315000000000003411e+01
3.320000000000003126e+01
3.325000000000002842e+01
3.330000000000003268e+01
3.335000000000002984e+01
3.340000000000003411e+01
3.345000000000003126e+01
3.350000000000002842e+01
3.355000000000003268e+01
3.360000000000002984e+01
3.365000000000003411e+01
3.370000000000003126e+01
3.375000000000002842e+01
3.380000000000003268e+01
3.385000000000002984e+01
3.390000000000003411e+01
3.395000000000003126e+01
3.400000000000002842e+01
3.405000000000003268e+01
3.410000000000002984e+01
3.415000000000003411e+01
3.420000000000003126e+01
3.425000000000003553e+01
3.430000000000003268e+01
3.435000000000002984e+01
3.440000000000003411e+01
3.445000000000003126e+01
3.450000000000003553e+01
3.455000000000003268e+01
3.460000000000002984e+01
3.465000000000003411e+01
3.470000000000003126e+01
3.475000000000003553e+01
3.480000000000003268e+01
3.485000000000002984e+01
3.490000000000003411e+01
3.495000000000003126e+01
3.500000000000003553e+01
3.505000000000003268e+01
3.510000000000002984e+01
3.515000000000003411e+01
3.520000000000003126e+01
3.525000000000003553e+01
3.530000000000003268e+01
3.535000000000002984e+01
3.540000000000003411e+01
3.545000000000003126e+01
3.550000000000003553e+01
3.555000000000003268e+01
3.560000000000003695e+01
3.565000000000003411e+01
3.570000000000003126e+01
3.575000000000003553e+01
3.580000000000003268e+01
3.585000000000003695e+01
3.590000000000003411e+01
3.595000000000003126e+01
3.600000000000003553e+01
3.605000000000003268e+01
3.610000000000003695e+01
3.615000000000003411e+01
3.620000000000003126e+01
3.625000000000003553e+01
3.630000000000003268e+01
3.635000000000003695e+01
3.640000000000003411e+01
3.645000000000003126e+01
3.650000000000003553e+01
3.655000000000003268e+01
3.660000000000003695e+01
3.665000000000003411e+01
3.670000000000003126e+01
3.675000000000003553e+01
3.680000000000003268e+01
3.685000000000003695e+01
3.690000000000003411e+01
3.695000000000003126e+01
3.700000000000003553e+01
3.705000000000003268e+01
3.710000000000003695e+01
3.715000000000003411e+01
3.720000000000003126e+01
3.725000000000003553e+01
3.730000000000003268e+01
3.735000000000003695e+01
3.740000000000003411e+01
3.745000000000003837e+01
3.750000000000003553e+01
3.755000000000003268e+01
3.760000000000003695e+01
3.765000000000003411e+01
3.770000000000003837e+01
3.775000000000003553e+01
3.780000000000003268e+01
3.785000000000003695e+01
3.790000000000003411e+01
3.795000000000003837e+01
3.800000000000003553e+01
3.805000000000003268e+01
3.810000000000003695e+01
3.815000000000003411e+01
3.820000000000003837e+01
3.825000000000003553e+01
3.830000000000003268e+01
3.835000000000003695e+01
3.840000000000003411e+01
3.845000000000003837e+01
3.850000000000003553e+01
3.855000000000003268e+01
3.860000000000003695e+01
3.865000000000003411e+01
3.870000000000003837e+01
3.875000000000003553e+01
3.880000000000003979e+01
3.885000000000003695e+01
3.890000000000003411e+01
3.895000000000003837e+01
3.900000000000003553e+01
3.905000000000003979e+01
3.910000000000003695e+01
3.915000000000003411e+01
3.920000000000003837e+01
3.925000000000003553e+01
3.930000000000003979e+01
3.935000000000003695e+01
3.940000000000003411e+01
3.945000000000003837e+01
3.950000000000003553e+01
3.955000000000003979e+01
3.960000000000003695e+01
3.965000000000003411e+01
3.970000000000003837e+01
3.975000000000003553e+01
3.980000000000003979e+01
3.985000000000003695e+01
3.990000000000003411e+01
3.995000000000003837e+01
4.000000000000003553e+01
4.005000000000003979e+01
4.010000000000003695e+01
4.015000000000003411e+01
4.020000000000003837e+01
4.025000000000003553e+01
4.030000000000003979e+01
4.035000000000003695e+01
4.040000000000003411e+01
4.045000000000003837e+01
4.050000000000003553e+01
4.055000000000003979e+01
4.060000000000003695e+01
4.065000000000004121e+01
4.070000000000003837e+01
4.075000000000003553e+01
4.080000000000003979e+01
4.085000000000003695e+01
4.090000000000004121e+01
4.095000000000003837e+01
4.100000000000003553e+01
4.105000000000003979e+01
4.110000000000003695e+01
4.115000000000004121e+01
4.120000000000003837e+01
4.125000000000003553e+01
4.130000000000003979e+01
4.135000000000003695e+01
4.140000000000004121e+01
4.145000000000003837e+01
4.150000000000003553e+01
4.155000000000003979e+01
4.160000000000003695e+01
4.165000000000004121e+01
4.170000000000003837e+01
4.175000000000003553e+01
4.180000000000003979e+01
4.185000000000003695e+01
4.190000000000004121e+01
4.195000000000003837e+01
4.200000000000004263e+01
4.205000000000003979e+01
4.210000000000003695e+01
4.215000000000004121e+01
4.220000000000003837e+01
4.225000000000004263e+01
4.230000000000003979e+01
4.235000000000003695e+01
4.240000000000004121e+01
4.245000000000003837e+01
4.250000000000004263e+01
4.255000000000003979e+01
4.260000000000003695e+01
4.265000000000004121e+01
4.270000000000003837e+01
4.275000000000004263e+01
4.280000000000003979e+01
4.285000000000003695e+01
4.290000000000004121e+01
4.295000000000003837e+01
4.300000000000004263e+01
4.305000000000003979e+01
4.310000000000003695e+01
4.315000000000004121e+01
4.320000000000003837e+01
4.325000000000004263e+01
4.330000000000003979e+01
4.335000000000003695e+01
4.340000000000004121e+01
4.345000000000003837e+01
4.350000000000004263e+01
4.355000000000003979e+01
4.360000000000003695e+01
4.365000000000004121e+01
4.370000000000003837e+01
4.375000000000004263e+01
4.380000000000003979e+01
4.385000000000004405e+01
4.390000000000004121e+01
4.395000000000003837e+01
4.400000000000004263e+01
4.405000000000003979e+01
4.410000000000004405e+01
4.415000000000004121e+01
4.420000000000003837e+01
4.425000000000004263e+01
4.430000000000003979e+01
4.435000000000004405e+01
4.440000000000004121e+01
4.445000000000003837e+01
4.450000000000004263e+01
4.455000000000003979e+01
4.460000000000004405e+01
4.465000000000004121e+01
4.470000000000003837e+01
4.475000000000004263e+01
4.480000000000003979e+01
4.485000000000004405e+01
4.490000000000004121e+01
4.495000000000003837e+01
4.500000000000004263e+01
4.505000000000003979e+01
4.510000000000004405e+01
4.515000000000004121e+01
4.520000000000004547e+01
4.525000000000004263e+01
4.530000000000003979e+01
4.535000000000004405e+01
4.540000000000004121e+01
4.545000000000004547e+01
4.550000000000004263e+01
4.555000000000003979e+01
4.560000000000004405e+01
4.565000000000004121e+01
4.570000000000004547e+01
4.575000000000004263e+01
4.580000000000003979e+01
4.585000000000004405e+01
4.590000000000004121e+01
4.595000000000004547e+01
4.600000000000004263e+01
4.605000000000003979e+01
4.610000000000004405e+01
4.615000000000004121e+01
4.620000000000004547e+01
4.625000000000004263e+01
4.630000000000003979e+01
4.635000000000004405e+01
4.640000000000004121e+01
4.645000000000004547e+01
4.650000000000004263e+01
4.655000000000003979e+01
4.660000000000004405e+01
4.665000000000004121e+01
4.670000000000004547e+01
4.675000000000004263e+01
4.680000000000003979e+01
4.685000000000004405e+01
4.690000000000004121e+01
4.695000000000004547e+01
4.700000000000004263e+01
4.705000000000004690e+01
4.710000000000004405e+01
4.715000000000004121e+01
4.720000000000004547e+01
4.725000000000004263e+01
4.730000000000004690e+01
4.735000000000004405e+01
4.740000000000004121e+01
4.745000000000004547e+01
4.750000000000004263e+01
4.755000000000004690e+01
4.760000000000004405e+01
4.765000000000004121e+01
4.770000000000004547e+01
4.775000000000004263e+01
4.780000000000004690e+01
4.785000000000004405e+01
4.790000000000004121e+01
4.795000000000004547e+01
4.800000000000004263e+01
4.805000000000004690e+01
4.810000000000004405e+01
4.815000000000004121e+01
4.820000000000004547e+01
4.825000000000004263e+01
4.830000000000004690e+01
4.835000000000004405e+01
4.840000000000004832e+01
4.845000000000004547e+01
4.850000000000004263e+01
4.855000000000004690e+01
4.860000000000004405e+01
4.865000000000004832e+01
4.870000000000004547e+01
4.875000000000004263e+01
4.880000000000004690e+01
4.885000000000004405e+01
4.890000000000004832e+01
4.895000000000004547e+01
4.900000000000004263e+01
4.905000000000004690e+01
4.910000000000004405e+01
4.915000000000004832e+01
4.920000000000004547e+01
4.925000000000004263e+01
4.930000000000004690e+01
4.935000000000004405e+01
4.940000000000004832e+01
4.945000000000004547e+01
4.950000000000004263e+01
4.955000000000004690e+01
4.960000000000004405e+01
4.965000000000004832e+01
4.970000000000004547e+01
4.975000000000004263e+01
4.980000000000004690e+01
4.985000000000004405e+01
4.990000000000004832e+01
4.995000000000004547e+01
5.000000000000004263e+01
5.005000000000004690e+01
5.010000000000004405e+01
5.015000000000004832e+01
5.020000000000004547e+01
5.025000000000004974e+01
5.030000000000004690e+01
5.035000000000004405e+01
5.040000000000004832e+01
5.045000000000004547e+01
5.050000000000004974e+01
5.055000000000004690e+01
5.060000000000004405e+01
5.065000000000004832e+01
5.070000000000004547e+01
5.075000000000004974e+01
5.080000000000004690e+01
5.085000000000004405e+01
5.090000000000004832e+01
5.095000000000004547e+01
5.100000000000004974e+01
5.105000000000004690e+01
5.110000000000004405e+01
5.115000000000004832e+01
5.120000000000004547e+01
5.125000000000004974e+01
5.130000000000004690e+01
5.135000000000004405e+01
5.140000000000004832e+01
5.145000000000004547e+01
5.150000000000004974e+01
5.155000000000004690e+01
5.160000000000005116e+01
5.165000000000004832e+01
5.170000000000004547e+01
5.175000000000004974e+01
5.180000000000004690e+01
5.185000000000005116e+01
5.190000000000004832e+01
5.195000000000004547e+01
5.200000000000004974e+01
5.205000000000004690e+01
5.210000000000005116e+01
5.215000000000004832e+01
5.220000000000004547e+01
5.225000000000004974e+01
5.230000000000004690e+01
5.235000000000005116e+01
5.240000000000004832e+01
5.245000000000004547e+01
5.250000000000004974e+01
5.255000000000004690e+01
5.260000000000005116e+01
5.265000000000004832e+01
5.270000000000004547e+01
5.275000000000004974e+01
5.280000000000004690e+01
5.285000000000005116e+01
5.290000000000004832e+01
5.295000000000004547e+01
5.300000000000004974e+01
5.305000000000004690e+01
5.310000000000005116e+01
5.315000000000004832e+01
5.320000000000004547e+01
5.325000000000004974e+01
5.330000000000004690e+01
5.335000000000005116e+01
5.340000000000004832e+01
5.345000000000005258e+01
5.350000000000004974e+01
5.355000000000004690e+01
5.360000000000005116e+01
5.365000000000004832e+01
5.370000000000005258e+01
5.375000000000004974e+01
5.380000000000004690e+01
5.385000000000005116e+01
5.390000000000004832e+01
5.395000000000005258e+01
5.400000000000004974e+01
5.405000000000004690e+01
5.410000000000005116e+01
5.415000000000004832e+01
5.420000000000005258e+01
5.425000000000004974e+01
5.430000000000004690e+01
5.435000000000005116e+01
5.440000000000004832e+01
5.445000000000005258e+01
5.450000000000004974e+01
5.455000000000004690e+01
5.460000000000005116e+01
5.465000000000004832e+01
5.470000000000005258e+01
5.475000000000004974e+01
5.480000000000005400e+01
5.485000000000005116e+01
5.490000000000004832e+01
5.495000000000005258e+01
5.500000000000004974e+01
5.505000000000005400e+01
5.510000000000005116e+01
5.515000000000004832e+01
5.520000000000005258e+01
5.525000000000004974e+01
5.530000000000005400e+01
5.535000000000005116e+01
5.540000000000004832e+01
5.545000000000005258e+01
5.550000000000004974e+01
5.555000000000005400e+01
5.560000000000005116e+01
5.565000000000004832e+01
5.570000000000005258e+01
5.575000000000004974e+01
5.580000000000005400e+01
5.585000000000005116e+01
5.590000000000004832e+01
5.595000000000005258e+01
5.600000000000004974e+01
5.605000000000005400e+01
5.610000000000005116e+01
5.615000000000004832e+01
5.620000000000005258e+01
5.625000000000004974e+01
5.630000000000005400e+01
5.635000000000005116e+01
5.640000000000004832e+01
5.645000000000005258e+01
5.650000000000004974e+01
5.655000000000005400e+01
5.660000000000005116e+01
5.665000000000005542e+01
5.670000000000005258e+01
5.675000000000004974e+01
5.680000000000005400e+01
5.685000000000005116e+01
5.690000000000005542e+01
5.695000000000005258e+01
5.700000000000004974e+01
5.705000000000005400e+01
5.710000000000005116e+01
5.715000000000005542e+01
5.720000000000005258e+01
5.725000000000004974e+01
5.730000000000005400e+01
5.735000000000005116e+01
5.740000000000005542e+01
5.745000000000005258e+01
5.750000000000004974e+01
5.755000000000005400e+01
5.760000000000005116e+01
5.765000000000005542e+01
5.770000000000005258e+01
5.775000000000004974e+01
5.780000000000005400e+01
5.785000000000005116e+01
5.790000000000005542e+01
5.795000000000005258e+01
5.800000000000005684e+01
5.805000000000005400e+01
5.810000000000005116e+01
5.815000000000005542e+01
5.820000000000005258e+01
5.825000000000005684e+01
5.830000000000005400e+01
5.835000000000005116e+01
5.840000000000005542e+01
5.845000000000005258e+01
5.850000000000005684e+01
5.855000000000005400e+01
5.860000000000005116e+01
5.865000000000005542e+01
5.870000000000005258e+01
5.875000000000005684e+01
5.880000000000005400e+01
5.885000000000005116e+01
5.890000000000005542e+01
5.895000000000005258e+01
5.900000000000005684e+01
5.905000000000005400e+01
5.910000000000005116e+01
5.915000000000005542e+01
5.920000000000005258e+01
5.925000000000005684e+01
5.930000000000005400e+01
5.935000000000005116e+01
5.940000000000005542e+01
5.945000000000005258e+01
5.950000000000005684e+01
5.955000000000005400e+01
5.960000000000005116e+01
5.965000000000005542e+01
5.970000000000005258e+01
5.975000000000005684e+01
5.980000000000005400e+01
5.985000000000005826e+01
5.990000000000005542e+01
5.995000000000005258e+01
6.000000000000005684e+01
6.005000000000005400e+01
6.010000000000005826e+01
6.015000000000005542e+01
6.020000000000005258e+01
6.025000000000005684e+01
6.030000000000005400e+01
6.035000000000005826e+01
6.040000000000005542e+01
6.045000000000005258e+01
6.050000000000005684e+01
6.055000000000005400e+01
6.060000000000005826e+01
6.065000000000005542e+01
6.070000000000005258e+01
6.075000000000005684e+01
6.080000000000005400e+01
6.085000000000005826e+01
6.090000000000005542e+01
6.095000000000005258e+01
6.100000000000005684e+01
6.105000000000005400e+01
6.110000000000005826e+01
6.115000000000005542e+01
6.120000000000005969e+01
6.125000000000005684e+01
6.130000000000005400e+01
6.135000000000005826e+01
6.140000000000005542e+01
6.145000000000005969e+01
6.150000000000005684e+01
6.155000000000005400e+01
6.160000000000005826e+01
6.165000000000005542e+01
6.170000000000005969e+01
6.175000000000005684e+01
6.180000000000005400e+01
6.185000000000005826e+01
6.190000000000005542e+01
6.195000000000005969e+01
6.200000000000005684e+01
6.205000000000005400e+01
6.210000000000005116e+01
6.215000000000006253e+01
6.220000000000005969e+01
6.225000000000005684e+01
6.230000000000005400e+01
6.235000000000005116e+01
6.240000000000006253e+01
6.245000000000005969e+01
6.250000000000005684e+01
6.255000000000005400e+01
6.260000000000005116e+01
6.265000000000006253e+01
6.270000000000005969e+01
6.275000000000005684e+01
6.280000000000005400e+01
6.285000000000005116e+01
6.290000000000006253e+01
6.295000000000005969e+01
6.300000000000005684e+01
6.305000000000005400e+01
6.310000000000005116e+01
6.315000000000006253e+01
6.320000000000005969e+01
6.325000000000005684e+01
6.330000000000005400e+01
6.335000000000005116e+01
6.340000000000006253e+01
6.345000000000005969e+01
6.350000000000005684e+01
6.355000000000005400e+01
6.360000000000005116e+01
6.365000000000006253e+01
6.370000000000005969e+01
6.375000000000005684e+01
6.380000000000005400e+01
6.385000000000006537e+01
6.390000000000006253e+01
6.395000000000005969e+01
6.400000000000005684e+01
6.405000000000005400e+01
6.410000000000006537e+01
6.415000000000006253e+01
6.420000000000005969e+01
6.425000000000005684e+01
6.430000000000005400e+01
6.435000000000006537e+01
6.440000000000006253e+01
6.445000000000005969e+01
6.450000000000005684e+01
6.455000000000005400e+01
6.460000000000006537e+01
6.465000000000006253e+01
6.470000000000005969e+01
6.475000000000005684e+01
6.480000000000005400e+01
6.485000000000006537e+01
6.490000000000006253e+01
6.495000000000005969e+01
6.500000000000005684e+01
6.505000000000005400e+01
6.510000000000006537e+01
6.515000000000006253e+01
6.520000000000005969e+01
6.525000000000005684e+01
6.530000000000005400e+01
6.535000000000006537e+01
6.540000000000006253e+01
6.545000000000005969e+01
6.550000000000005684e+01
6.555000000000005400e+01
6.560000000000006537e+01
6.565000000000006253e+01
6.570000000000005969e+01
6.575000000000005684e+01
6.580000000000005400e+01
6.585000000000006537e+01
6.590000000000006253e+01
6.595000000000005969e+01
6.600000000000005684e+01
6.605000000000005400e+01
6.610000000000006537e+01
6.615000000000006253e+01
6.620000000000005969e+01
6.625000000000005684e+01
6.630000000000005400e+01
6.635000000000006537e+01
6.640000000000006253e+01
6.645000000000005969e+01
6.650000000000005684e+01
6.655000000000005400e+01
6.660000000000006537e+01
6.665000000000006253e+01
6.670000000000005969e+01
6.675000000000005684e+01
6.680000000000006821e+01
6.685000000000006537e+01
6.690000000000006253e+01
6.695000000000005969e+01
6.700000000000005684e+01
6.705000000000006821e+01
6.710000000000006537e+01
6.715000000000006253e+01
6.720000000000005969e+01
6.725000000000005684e+01
6.730000000000006821e+01
6.735000000000006537e+01
6.740000000000006253e+01
6.745000000000005969e+01
6.750000000000005684e+01
6.755000000000006821e+01
6.760000000000006537e+01
6.765000000000006253e+01
6.770000000000005969e+01
6.775000000000005684e+01
6.780000000000006821e+01
6.785000000000006537e+01
6.790000000000006253e+01
6.795000000000005969e+01
6.800000000000005684e+01
6.805000000000006821e+01
6.810000000000006537e+01
6.815000000000006253e+01
6.820000000000005969e+01
6.825000000000005684e+01
6.830000000000006821e+01
6.835000000000006537e+01
6.840000000000006253e+01
6.845000000000005969e+01
6.850000000000005684e+01
6.855000000000006821e+01
6.860000000000006537e+01
6.865000000000006253e+01
6.870000000000005969e+01
6.875000000000005684e+01
6.880000000000006821e+01
6.885000000000006537e+01
6.890000000000006253e+01
6.895000000000005969e+01
6.900000000000005684e+01
6.905000000000006821e+01
6.910000000000006537e+01
6.915000000000006253e+01
6.920000000000005969e+01
6.925000000000005684e+01
6.930000000000006821e+01
6.935000000000006537e+01
6.940000000000006253e+01
6.945000000000005969e+01
6.950000000000005684e+01
6.955000000000006821e+01
6.960000000000006537e+01
6.965000000000006253e+01
6.970000000000005969e+01
6.975000000000005684e+01
6.980000000000006821e+01
6.985000000000006537e+01
6.990000000000006253e+01
6.995000000000005969e+01
7.000000000000005684e+01
7.005000000000006821e+01
7.010000000000006537e+01
7.015000000000006253e+01
7.020000000000005969e+01
7.025000000000007105e+01
7.030000000000006821e+01
7.035000000000006537e+01
7.040000000000006253e+01
7.045000000000005969e+01
7.050000000000007105e+01
7.055000000000006821e+01
7.060000000000006537e+01
7.065000000000006253e+01
7.070000000000005969e+01
7.075000000000007105e+01
7.080000000000006821e+01
7.085000000000006537e+01
7.090000000000006253e+01
7.095000000000005969e+01
7.100000000000007105e+01
7.105000000000006821e+01
7.110000000000006537e+01
7.115000000000006253e+01
7.120000000000005969e+01
7.125000000000007105e+01
7.130000000000006821e+01
7.135000000000006537e+01
7.140000000000006253e+01
7.145000000000005969e+01
7.150000000000007105e+01
7.155000000000006821e+01
7.160000000000006537e+01
7.165000000000006253e+01
7.170000000000005969e+01
7.175000000000007105e+01
7.180000000000006821e+01
7.185000000000006537e+01
7.190000000000006253e+01
7.195000000000005969e+01
7.200000000000007105e+01
7.205000000000006821e+01
7.210000000000006537e+01
7.215000000000006253e+01
7.220000000000005969e+01
7.225000000000007105e+01
7.230000000000006821e+01
7.235000000000006537e+01
7.240000000000006253e+01
7.245000000000005969e+01
7.250000000000007105e+01
7.255000000000006821e+01
7.260000000000006537e+01
7.265000000000006253e+01
7.270000000000005969e+01
7.275000000000007105e+01
7.280000000000006821e+01
7.285000000000006537e+01
7.290000000000006253e+01
7.295000000000005969e+01
7.300000000000007105e+01
7.305000000000006821e+01
7.310000000000006537e+01
7.315000000000006253e+01
7.320000000000007390e+01
7.325000000000007105e+01
7.330000000000006821e+01
7.335000000000006537e+01
7.340000000000006253e+01
7.345000000000007390e+01
7.350000000000007105e+01
7.355000000000006821e+01
7.360000000000006537e+01
7.365000000000006253e+01
7.370000000000007390e+01
7.375000000000007105e+01
7.380000000000006821e+01
7.385000000000006537e+01
7.390000000000006253e+01
7.395000000000007390e+01
7.400000000000007105e+01
7.405000000000006821e+01
7.410000000000006537e+01
7.415000000000006253e+01
7.420000000000007390e+01
7.425000000000007105e+01
7.430000000000006821e+01
7.435000000000006537e+01
7.440000000000006253e+01
7.445000000000007390e+01
7.450000000000007105e+01
7.455000000000006821e+01
7.460000000000006537e+01
7.465000000000006253e+01
7.470000000000007390e+01
7.475000000000007105e+01
7.480000000000006821e+01
7.485000000000006537e+01
7.490000000000006253e+01
7.495000000000007390e+01
7.500000000000007105e+01
7.505000000000006821e+01
7.510000000000006537e+01
7.515000000000006253e+01
7.520000000000007390e+01
7.525000000000007105e+01
7.530000000000006821e+01
7.535000000000006537e+01
7.540000000000006253e+01
7.545000000000007390e+01
7.550000000000007105e+01
7.555000000000006821e+01
7.560000000000006537e+01
7.565000000000006253e+01
7.570000000000007390e+01
7.575000000000007105e+01
7.580000000000006821e+01
7.585000000000006537e+01
7.590000000000006253e+01
7.595000000000007390e+01
7.600000000000007105e+01
7.605000000000006821e+01
7.610000000000006537e+01
7.615000000000006253e+01
7.620000000000007390e+01
7.625000000000007105e+01
7.630000000000006821e+01
7.635000000000006537e+01
7.640000000000006253e+01
7.645000000000007390e+01
7.650000000000007105e+01
7.655000000000006821e+01
7.660000000000006537e+01
7.665000000000007674e+01
7.670000000000007390e+01
7.675000000000007105e+01
7.680000000000006821e+01
7.685000000000006537e+01
7.690000000000007674e+01
7.695000000000007390e+01
7.700000000000007105e+01
7.705000000000006821e+01
7.710000000000006537e+01
7.715000000000007674e+01
7.720000000000007390e+01
7.725000000000007105e+01
7.730000000000006821e+01
7.735000000000006537e+01
7.740000000000007674e+01
7.745000000000007390e+01
7.750000000000007105e+01
7.755000000000006821e+01
7.760000000000006537e+01
7.765000000000007674e+01
7.770000000000007390e+01
7.775000000000007105e+01
7.780000000000006821e+01
7.785000000000006537e+01
7.790000000000007674e+01
7.795000000000007390e+01
7.800000000000007105e+01
7.805000000000006821e+01
7.810000000000006537e+01
7.815000000000007674e+01
7.820000000000007390e+01
7.825000000000007105e+01
7.830000000000006821e+01
7.835000000000006537e+01
7.840000000000007674e+01
7.845000000000007390e+01
7.850000000000007105e+01
7.855000000000006821e+01
7.860000000000006537e+01
7.865000000000007674e+01
7.870000000000007390e+01
7.875000000000007105e+01
7.880000000000006821e+01
7.885000000000006537e+01
7.890000000000007674e+01
7.895000000000007390e+01
7.900000000000007105e+01
7.905000000000006821e+01
7.910000000000006537e+01
7.915000000000007674e+01
7.920000000000007390e+01
7.925000000000007105e+01
7.930000000000006821e+01
7.935000000000006537e+01
7.940000000000007674e+01
7.945000000000007390e+01
7.950000000000007105e+01
7.955000000000006821e+01
7.960000000000007958e+01
7.965000000000007674e+01
7.970000000000007390e+01
7.975000000000007105e+01
7.980000000000006821e+01
7.985000000000007958e+01
7.990000000000007674e+01
7.995000000000007390e+01
