1.500 9.330710e+00
2.500 4.093029e+01
3.500 1.115776e+02
4.500 2.382145e+02
5.500 4.385610e+02
6.500 7.311228e+02
7.500 1.135254e+03
8.500 1.671370e+03
9.500 2.361391e+03
10.500 3.229369e+03
11.500 4.302204e+03
12.500 5.610338e+03
13.500 7.188345e+03
14.500 9.075339e+03
15.500 1.131515e+04
16.500 1.395622e+04
17.500 1.705118e+04
18.500 2.065613e+04
19.500 2.482962e+04
20.500 2.963150e+04
21.500 3.512158e+04
22.500 4.135831e+04
23.500 4.839746e+04
24.500 5.629098e+04
25.500 6.508594e+04
26.500 7.482374e+04
27.500 8.553947e+04
28.500 9.726150e+04
29.500 1.100112e+05
30.500 1.238030e+05
31.500 1.386444e+05
32.500 1.545361e+05
33.500 1.714724e+05
34.500 1.894418e+05
35.500 2.084271e+05
36.500 2.284061e+05
37.500 2.493521e+05
38.500 2.712344e+05
39.500 2.940189e+05
40.500 3.176683e+05
41.500 3.421431e+05
42.500 3.674017e+05
43.500 3.934010e+05
44.500 4.200966e+05
45.500 4.474436e+05
46.500 4.753963e+05
47.500 5.039093e+05
48.500 5.329370e+05
49.500 5.624346e+05
50.500 5.923575e+05
51.500 6.226622e+05
52.500 6.533062e+05
53.500 6.842481e+05
54.500 7.154475e+05
55.500 7.468656e+05
56.500 7.784650e+05
57.500 8.102097e+05
58.500 8.420651e+05
59.500 8.739983e+05
60.500 9.059779e+05
61.500 9.379740e+05
62.500 9.699583e+05
63.500 1.001904e+06
64.500 1.033786e+06
65.500 1.065580e+06
66.500 1.097265e+06
67.500 1.128818e+06
68.500 1.160222e+06
69.500 1.191456e+06
70.500 1.222506e+06
71.500 1.253354e+06
72.500 1.283987e+06
73.500 1.314390e+06
74.500 1.344553e+06
75.500 1.374463e+06
76.500 1.404111e+06
77.500 1.433488e+06
78.500 1.462584e+06
79.500 1.491392e+06
80.500 1.519907e+06
81.500 1.548121e+06
82.500 1.576030e+06
83.500 1.603630e+06
84.500 1.630916e+06
85.500 1.657885e+06
86.500 1.684535e+06
87.500 1.710863e+06
88.500 1.736868e+06
89.500 1.762548e+06
90.500 1.787903e+06
91.500 1.812933e+06
92.500 1.837637e+06
93.500 1.862016e+06
94.500 1.886071e+06
95.500 1.909802e+06
96.500 1.933212e+06
97.500 1.956300e+06
98.500 1.979070e+06
99.500 2.001523e+06
100.500 2.023662e+06
101.500 2.045488e+06
102.500 2.067004e+06
103.500 2.088214e+06
104.500 2.109119e+06
105.500 2.129723e+06
106.500 2.150028e+06
107.500 2.170039e+06
108.500 2.189757e+06
109.500 2.209187e+06
110.500 2.228332e+06
111.500 2.247194e+06
112.500 2.265779e+06
113.500 2.284088e+06
114.500 2.302126e+06
115.500 2.319897e+06
116.500 2.337403e+06
117.500 2.354648e+06
118.500 2.371637e+06
119.500 2.388372e+06
120.500 2.404857e+06
121.500 2.421097e+06
122.500 2.437093e+06
123.500 2.452851e+06
124.500 2.468373e+06
125.500 2.483663e+06
126.500 2.498725e+06
127.500 2.513562e+06
128.500 2.528177e+06
129.500 2.542575e+06
130.500 2.556758e+06
131.500 2.570730e+06
132.500 2.584494e+06
133.500 2.598053e+06
134.500 2.611411e+06
135.500 2.624572e+06
136.500 2.637537e+06
137.500 2.650311e+06
138.500 2.662896e+06
139.500 2.675296e+06
140.500 2.687513e+06
141.500 2.699551e+06
142.500 2.711412e+06
143.500 2.723100e+06
144.500 2.734617e+06
145.500 2.745966e+06
146.500 2.757150e+06
147.500 2.768172e+06
148.500 2.779034e+06
149.500 2.789740e+06
150.500 2.800290e+06
151.500 2.810689e+06
152.500 2.820939e+06
153.500 2.831042e+06
154.500 2.841001e+06
155.500 2.850818e+06
156.500 2.860495e+06
157.500 2.870035e+06
158.500 2.879440e+06
159.500 2.888713e+06
160.500 2.897855e+06
161.500 2.906869e+06
162.500 2.915756e+06
163.500 2.924520e+06
164.500 2.933162e+06
165.500 2.941684e+06
166.500 2.950088e+06
167.500 2.958376e+06
168.500 2.966550e+06
169.500 2.974611e+06
170.500 2.982563e+06
171.500 2.990406e+06
172.500 2.998142e+06
173.500 3.005774e+06
174.500 3.013302e+06
175.500 3.020729e+06
176.500 3.028056e+06
177.500 3.035285e+06
178.500 3.042417e+06
179.500 3.049454e+06
180.500 3.056398e+06
181.500 3.063250e+06
182.500 3.070011e+06
183.500 3.076684e+06
184.500 3.083269e+06
185.500 3.089768e+06
186.500 3.096182e+06
187.500 3.102513e+06
188.500 3.108761e+06
189.500 3.114929e+06
190.500 3.121018e+06
191.500 3.127029e+06
192.500 3.132962e+06
193.500 3.138820e+06
194.500 3.144604e+06
195.500 3.150314e+06
196.500 3.155952e+06
197.500 3.161519e+06
198.500 3.167016e+06
199.500 3.172444e+06
200.500 3.177805e+06
201.500 3.183099e+06
202.500 3.188327e+06
203.500 3.193491e+06
204.500 3.198591e+06
205.500 3.203629e+06
206.500 3.208605e+06
207.500 3.213520e+06
208.500 3.218375e+06
209.500 3.223172e+06
210.500 3.227910e+06
211.500 3.232592e+06
212.500 3.237217e+06
213.500 3.241787e+06
214.500 3.246303e+06
215.500 3.250764e+06
216.500 3.255173e+06
217.500 3.259530e+06
218.500 3.263836e+06
219.500 3.268090e+06
220.500 3.272295e+06
221.500 3.276451e+06
222.500 3.280559e+06
223.500 3.284619e+06
224.500 3.288632e+06
225.500 3.292599e+06
226.500 3.296521e+06
227.500 3.300397e+06
228.500 3.304229e+06
229.500 3.308018e+06
230.500 3.311763e+06
231.500 3.315467e+06
232.500 3.319128e+06
233.500 3.322749e+06
234.500 3.326329e+06
235.500 3.329869e+06
236.500 3.333369e+06
237.500 3.336831e+06
238.500 3.340254e+06
239.500 3.343640e+06
240.500 3.346988e+06
241.500 3.350300e+06
242.500 3.353576e+06
243.500 3.356816e+06
244.500 3.360020e+06
245.500 3.363190e+06
246.500 3.366326e+06
247.500 3.369428e+06
248.500 3.372497e+06
249.500 3.375533e+06
250.500 3.378537e+06
251.500 3.381509e+06
252.500 3.384449e+06
253.500 3.387359e+06
254.500 3.390237e+06
255.500 3.393086e+06
256.500 3.395904e+06
257.500 3.398694e+06
258.500 3.401454e+06
259.500 3.404186e+06
260.500 3.406889e+06
261.500 3.409564e+06
262.500 3.412212e+06
263.500 3.414833e+06
264.500 3.417428e+06
265.500 3.419995e+06
266.500 3.422537e+06
267.500 3.425053e+06
268.500 3.427543e+06
269.500 3.430009e+06
270.500 3.432450e+06
271.500 3.434866e+06
272.500 3.437258e+06
273.500 3.439627e+06
274.500 3.441971e+06
275.500 3.444293e+06
276.500 3.446592e+06
277.500 3.448868e+06
278.500 3.451122e+06
279.500 3.453354e+06
280.500 3.455565e+06
281.500 3.457753e+06
282.500 3.459921e+06
283.500 3.462067e+06
284.500 3.464193e+06
285.500 3.466299e+06
286.500 3.468384e+06
287.500 3.470450e+06
288.500 3.472495e+06
289.500 3.474522e+06
290.500 3.476529e+06
291.500 3.478517e+06
292.500 3.480487e+06
293.500 3.482438e+06
294.500 3.484370e+06
295.500 3.486285e+06
296.500 3.488182e+06
297.500 3.490061e+06
298.500 3.491923e+06
299.500 3.493768e+06
300.500 3.495596e+06
301.500 3.497407e+06
302.500 3.499201e+06
303.500 3.500979e+06
304.500 3.502741e+06
305.500 3.504487e+06
306.500 3.506217e+06
307.500 3.507931e+06
308.500 3.509630e+06
309.500 3.511314e+06
310.500 3.512983e+06
311.500 3.514636e+06
312.500 3.516275e+06
313.500 3.517900e+06
314.500 3.519510e+06
315.500 3.521106e+06
316.500 3.522688e+06
317.500 3.524256e+06
318.500 3.525810e+06
319.500 3.527351e+06
320.500 3.528878e+06
321.500 3.530392e+06
322.500 3.531892e+06
323.500 3.533380e+06
324.500 3.534855e+06
325.500 3.536318e+06
326.500 3.537767e+06
327.500 3.539205e+06
328.500 3.540630e+06
329.500 3.542043e+06
330.500 3.543444e+06
331.500 3.544833e+06
332.500 3.546210e+06
333.500 3.547576e+06
334.500 3.548931e+06
335.500 3.550274e+06
336.500 3.551605e+06
337.500 3.552926e+06
338.500 3.554236e+06
339.500 3.555535e+06
340.500 3.556823e+06
341.500 3.558100e+06
342.500 3.559367e+06
343.500 3.560624e+06
344.500 3.561870e+06
345.500 3.563106e+06
346.500 3.564332e+06
347.500 3.565549e+06
348.500 3.566755e+06
349.500 3.567951e+06
350.500 3.569138e+06
351.500 3.570315e+06
352.500 3.571483e+06
353.500 3.572642e+06
354.500 3.573791e+06
355.500 3.574931e+06
356.500 3.576062e+06
357.500 3.577185e+06
358.500 3.578298e+06
359.500 3.579402e+06
360.500 3.580498e+06
361.500 3.581585e+06
362.500 3.582664e+06
363.500 3.583734e+06
364.500 3.584796e+06
365.500 3.585850e+06
366.500 3.586896e+06
367.500 3.587933e+06
368.500 3.588962e+06
369.500 3.589984e+06
370.500 3.590998e+06
371.500 3.592004e+06
372.500 3.593002e+06
373.500 3.593993e+06
374.500 3.594976e+06
375.500 3.595951e+06
376.500 3.596920e+06
377.500 3.597881e+06
378.500 3.598834e+06
379.500 3.599781e+06
380.500 3.600720e+06
381.500 3.601653e+06
382.500 3.602578e+06
383.500 3.603497e+06
384.500 3.604409e+06
385.500 3.605314e+06
386.500 3.606212e+06
387.500 3.607104e+06
388.500 3.607989e+06
389.500 3.608868e+06
390.500 3.609740e+06
391.500 3.610606e+06
392.500 3.611466e+06
393.500 3.612319e+06
394.500 3.613166e+06
395.500 3.614007e+06
396.500 3.614842e+06
397.500 3.615671e+06
398.500 3.616494e+06
399.500 3.617311e+06
400.500 3.618123e+06
401.500 3.618928e+06
402.500 3.619728e+06
403.500 3.620522e+06
404.500 3.621310e+06
405.500 3.622093e+06
406.500 3.622870e+06
407.500 3.623642e+06
408.500 3.624409e+06
409.500 3.625170e+06
410.500 3.625925e+06
411.500 3.626676e+06
412.500 3.627421e+06
413.500 3.628161e+06
414.500 3.628896e+06
415.500 3.629626e+06
416.500 3.630351e+06
417.500 3.631070e+06
418.500 3.631785e+06
419.500 3.632495e+06
420.500 3.633200e+06
421.500 3.633901e+06
422.500 3.634596e+06
423.500 3.635287e+06
424.500 3.635973e+06
425.500 3.636654e+06
426.500 3.637331e+06
427.500 3.638004e+06
428.500 3.638671e+06
429.500 3.639335e+06
430.500 3.639993e+06
431.500 3.640648e+06
432.500 3.641298e+06
433.500 3.641944e+06
434.500 3.642585e+06
435.500 3.643222e+06
436.500 3.643855e+06
437.500 3.644484e+06
438.500 3.645109e+06
439.500 3.645730e+06
440.500 3.646346e+06
441.500 3.646959e+06
442.500 3.647567e+06
443.500 3.648172e+06
444.500 3.648772e+06
445.500 3.649369e+06
446.500 3.649962e+06
447.500 3.650551e+06
448.500 3.651136e+06
449.500 3.651717e+06
450.500 3.652295e+06
451.500 3.652869e+06
452.500 3.653439e+06
453.500 3.654006e+06
454.500 3.654569e+06
455.500 3.655129e+06
456.500 3.655685e+06
457.500 3.656237e+06
458.500 3.656786e+06
459.500 3.657332e+06
460.500 3.657874e+06
461.500 3.658412e+06
462.500 3.658948e+06
463.500 3.659480e+06
464.500 3.660008e+06
465.500 3.660534e+06
466.500 3.661056e+06
467.500 3.661574e+06
468.500 3.662090e+06
469.500 3.662603e+06
470.500 3.663112e+06
471.500 3.663618e+06
472.500 3.664121e+06
473.500 3.664621e+06
474.500 3.665118e+06
475.500 3.665612e+06
476.500 3.666103e+06
477.500 3.666590e+06
478.500 3.667075e+06
479.500 3.667557e+06
480.500 3.668036e+06
481.500 3.668512e+06
482.500 3.668986e+06
483.500 3.669456e+06
484.500 3.669924e+06
485.500 3.670389e+06
486.500 3.670851e+06
487.500 3.671310e+06
488.500 3.671767e+06
489.500 3.672220e+06
490.500 3.672672e+06
491.500 3.673120e+06
492.500 3.673566e+06
493.500 3.674009e+06
494.500 3.674450e+06
495.500 3.674888e+06
496.500 3.675323e+06
497.500 3.675756e+06
498.500 3.676186e+06
499.500 3.676614e+06
500.500 3.677040e+06
501.500 3.677462e+06
502.500 3.677883e+06
503.500 3.678301e+06
504.500 3.678716e+06
505.500 3.679130e+06
506.500 3.679541e+06
507.500 3.679949e+06
508.500 3.680355e+06
509.500 3.680759e+06
510.500 3.681160e+06
511.500 3.681560e+06
512.500 3.681957e+06
513.500 3.682351e+06
514.500 3.682744e+06
515.500 3.683134e+06
516.500 3.683522e+06
517.500 3.683908e+06
518.500 3.684291e+06
519.500 3.684673e+06
520.500 3.685052e+06
521.500 3.685429e+06
522.500 3.685805e+06
523.500 3.686178e+06
524.500 3.686549e+06
525.500 3.686918e+06
526.500 3.687284e+06
527.500 3.687649e+06
528.500 3.688012e+06
529.500 3.688373e+06
530.500 3.688732e+06
531.500 3.689089e+06
532.500 3.689443e+06
533.500 3.689796e+06
534.500 3.690147e+06
535.500 3.690496e+06
536.500 3.690844e+06
537.500 3.691189e+06
538.500 3.691532e+06
539.500 3.691874e+06
540.500 3.692214e+06
541.500 3.692552e+06
542.500 3.692888e+06
543.500 3.693222e+06
544.500 3.693554e+06
545.500 3.693885e+06
546.500 3.694214e+06
547.500 3.694541e+06
548.500 3.694867e+06
549.500 3.695190e+06
550.500 3.695512e+06
551.500 3.695832e+06
552.500 3.696151e+06
553.500 3.696468e+06
554.500 3.696783e+06
555.500 3.697097e+06
556.500 3.697408e+06
557.500 3.697719e+06
558.500 3.698027e+06
559.500 3.698334e+06
560.500 3.698640e+06
561.500 3.698943e+06
562.500 3.699246e+06
563.500 3.699546e+06
564.500 3.699845e+06
565.500 3.700143e+06
566.500 3.700439e+06
567.500 3.700733e+06
568.500 3.701026e+06
569.500 3.701318e+06
570.500 3.701608e+06
571.500 3.701896e+06
572.500 3.702183e+06
573.500 3.702469e+06
574.500 3.702753e+06
575.500 3.703035e+06
576.500 3.703316e+06
577.500 3.703596e+06
578.500 3.703875e+06
579.500 3.704151e+06
580.500 3.704427e+06
581.500 3.704701e+06
582.500 3.704974e+06
583.500 3.705245e+06
584.500 3.705515e+06
585.500 3.705784e+06
586.500 3.706051e+06
587.500 3.706317e+06
588.500 3.706582e+06
589.500 3.706845e+06
590.500 3.707107e+06
591.500 3.707368e+06
592.500 3.707627e+06
593.500 3.707885e+06
594.500 3.708142e+06
595.500 3.708398e+06
596.500 3.708652e+06
597.500 3.708905e+06
598.500 3.709157e+06
599.500 3.709408e+06
600.500 3.709657e+06
601.500 3.709905e+06
602.500 3.710152e+06
603.500 3.710398e+06
604.500 3.710643e+06
605.500 3.710886e+06
606.500 3.711128e+06
607.500 3.711369e+06
608.500 3.711609e+06
609.500 3.711848e+06
610.500 3.712085e+06
611.500 3.712322e+06
612.500 3.712557e+06
613.500 3.712791e+06
614.500 3.713024e+06
615.500 3.713256e+06
616.500 3.713487e+06
617.500 3.713716e+06
618.500 3.713945e+06
619.500 3.714173e+06
620.500 3.714399e+06
621.500 3.714624e+06
622.500 3.714849e+06
623.500 3.715072e+06
624.500 3.715294e+06
625.500 3.715515e+06
626.500 3.715735e+06
627.500 3.715955e+06
628.500 3.716173e+06
629.500 3.716390e+06
630.500 3.716606e+06
631.500 3.716821e+06
632.500 3.717035e+06
633.500 3.717248e+06
634.500 3.717460e+06
635.500 3.717671e+06
636.500 3.717881e+06
637.500 3.718090e+06
638.500 3.718298e+06
639.500 3.718505e+06
640.500 3.718712e+06
641.500 3.718917e+06
642.500 3.719121e+06
643.500 3.719325e+06
644.500 3.719527e+06
645.500 3.719729e+06
646.500 3.719929e+06
647.500 3.720129e+06
648.500 3.720328e+06
649.500 3.720526e+06
650.500 3.720723e+06
651.500 3.720919e+06
652.500 3.721114e+06
653.500 3.721308e+06
654.500 3.721502e+06
655.500 3.721694e+06
656.500 3.721886e+06
657.500 3.722077e+06
658.500 3.722267e+06
659.500 3.722456e+06
660.500 3.722645e+06
661.500 3.722832e+06
662.500 3.723019e+06
663.500 3.723205e+06
664.500 3.723390e+06
665.500 3.723574e+06
666.500 3.723757e+06
667.500 3.723940e+06
668.500 3.724121e+06
669.500 3.724302e+06
670.500 3.724483e+06
671.500 3.724662e+06
672.500 3.724841e+06
673.500 3.725018e+06
674.500 3.725195e+06
675.500 3.725372e+06
676.500 3.725547e+06
677.500 3.725722e+06
678.500 3.725896e+06
679.500 3.726069e+06
680.500 3.726241e+06
681.500 3.726413e+06
682.500 3.726584e+06
683.500 3.726754e+06
684.500 3.726924e+06
685.500 3.727093e+06
686.500 3.727261e+06
687.500 3.727428e+06
688.500 3.727594e+06
689.500 3.727760e+06
690.500 3.727925e+06
691.500 3.728090e+06
692.500 3.728254e+06
693.500 3.728417e+06
694.500 3.728579e+06
695.500 3.728741e+06
696.500 3.728902e+06
697.500 3.729062e+06
698.500 3.729222e+06
699.500 3.729381e+06
700.500 3.729539e+06
701.500 3.729697e+06
702.500 3.729854e+06
703.500 3.730010e+06
704.500 3.730166e+06
705.500 3.730321e+06
706.500 3.730475e+06
707.500 3.730629e+06
708.500 3.730782e+06
709.500 3.730934e+06
710.500 3.731086e+06
711.500 3.731237e+06
712.500 3.731388e+06
713.500 3.731537e+06
714.500 3.731687e+06
715.500 3.731835e+06
716.500 3.731983e+06
717.500 3.732131e+06
718.500 3.732278e+06
719.500 3.732424e+06
720.500 3.732570e+06
721.500 3.732715e+06
722.500 3.732859e+06
723.500 3.733003e+06
724.500 3.733146e+06
725.500 3.733289e+06
726.500 3.733431e+06
727.500 3.733573e+06
728.500 3.733713e+06
729.500 3.733854e+06
730.500 3.733994e+06
731.500 3.734133e+06
732.500 3.734272e+06
733.500 3.734410e+06
734.500 3.734547e+06
735.500 3.734684e+06
736.500 3.734821e+06
737.500 3.734957e+06
738.500 3.735092e+06
739.500 3.735227e+06
740.500 3.735361e+06
741.500 3.735495e+06
742.500 3.735628e+06
743.500 3.735761e+06
744.500 3.735893e+06
745.500 3.736025e+06
746.500 3.736156e+06
747.500 3.736286e+06
748.500 3.736416e+06
749.500 3.736546e+06
750.500 3.736675e+06
751.500 3.736804e+06
752.500 3.736932e+06
753.500 3.737059e+06
754.500 3.737186e+06
755.500 3.737313e+06
756.500 3.737439e+06
757.500 3.737564e+06
758.500 3.737689e+06
759.500 3.737814e+06
760.500 3.737938e+06
761.500 3.738062e+06
762.500 3.738185e+06
763.500 3.738308e+06
764.500 3.738430e+06
765.500 3.738551e+06
766.500 3.738673e+06
767.500 3.738793e+06
768.500 3.738914e+06
769.500 3.739034e+06
770.500 3.739153e+06
771.500 3.739272e+06
772.500 3.739390e+06
773.500 3.739508e+06
774.500 3.739626e+06
775.500 3.739743e+06
776.500 3.739860e+06
777.500 3.739976e+06
778.500 3.740092e+06
779.500 3.740207e+06
780.500 3.740322e+06
781.500 3.740436e+06
782.500 3.740550e+06
783.500 3.740664e+06
784.500 3.740777e+06
785.500 3.740890e+06
786.500 3.741002e+06
787.500 3.741114e+06
788.500 3.741226e+06
789.500 3.741337e+06
790.500 3.741447e+06
791.500 3.741557e+06
792.500 3.741667e+06
793.500 3.741777e+06
794.500 3.741886e+06
795.500 3.741994e+06
796.500 3.742102e+06
797.500 3.742210e+06
798.500 3.742318e+06
799.500 3.742425e+06
800.500 3.742531e+06
801.500 3.742637e+06
802.500 3.742743e+06
803.500 3.742849e+06
804.500 3.742954e+06
805.500 3.743058e+06
806.500 3.743162e+06
807.500 3.743266e+06
808.500 3.743370e+06
809.500 3.743473e+06
810.500 3.743576e+06
811.500 3.743678e+06
812.500 3.743780e+06
813.500 3.743882e+06
814.500 3.743983e+06
815.500 3.744084e+06
816.500 3.744184e+06
817.500 3.744284e+06
818.500 3.744384e+06
819.500 3.744484e+06
820.500 3.744583e+06
821.500 3.744681e+06
822.500 3.744780e+06
823.500 3.744878e+06
824.500 3.744975e+06
825.500 3.745073e+06
826.500 3.745169e+06
827.500 3.745266e+06
828.500 3.745362e+06
829.500 3.745458e+06
830.500 3.745554e+06
831.500 3.745649e+06
832.500 3.745744e+06
833.500 3.745838e+06
834.500 3.745933e+06
835.500 3.746026e+06
836.500 3.746120e+06
837.500 3.746213e+06
838.500 3.746306e+06
839.500 3.746399e+06
840.500 3.746491e+06
841.500 3.746583e+06
842.500 3.746674e+06
843.500 3.746766e+06
844.500 3.746856e+06
845.500 3.746947e+06
846.500 3.747037e+06
847.500 3.747127e+06
848.500 3.747217e+06
849.500 3.747306e+06
850.500 3.747395e+06
851.500 3.747484e+06
852.500 3.747572e+06
853.500 3.747661e+06
854.500 3.747748e+06
855.500 3.747836e+06
856.500 3.747923e+06
857.500 3.748010e+06
858.500 3.748097e+06
859.500 3.748183e+06
860.500 3.748269e+06
861.500 3.748355e+06
862.500 3.748440e+06
863.500 3.748525e+06
864.500 3.748610e+06
865.500 3.748694e+06
866.500 3.748779e+06
867.500 3.748863e+06
868.500 3.748946e+06
869.500 3.749030e+06
870.500 3.749113e+06
871.500 3.749195e+06
872.500 3.749278e+06
873.500 3.749360e+06
874.500 3.749442e+06
875.500 3.749524e+06
876.500 3.749605e+06
877.500 3.749686e+06
878.500 3.749767e+06
879.500 3.749848e+06
880.500 3.749928e+06
881.500 3.750008e+06
882.500 3.750088e+06
883.500 3.750167e+06
884.500 3.750247e+06
885.500 3.750326e+06
886.500 3.750404e+06
887.500 3.750483e+06
888.500 3.750561e+06
889.500 3.750639e+06
890.500 3.750717e+06
891.500 3.750794e+06
892.500 3.750871e+06
893.500 3.750948e+06
894.500 3.751025e+06
895.500 3.751101e+06
896.500 3.751177e+06
897.500 3.751253e+06
898.500 3.751329e+06
899.500 3.751404e+06
900.500 3.751479e+06
901.500 3.751554e+06
902.500 3.751629e+06
903.500 3.751703e+06
904.500 3.751777e+06
905.500 3.751851e+06
906.500 3.751925e+06
907.500 3.751998e+06
908.500 3.752071e+06
909.500 3.752144e+06
910.500 3.752217e+06
911.500 3.752289e+06
912.500 3.752362e+06
913.500 3.752434e+06
914.500 3.752505e+06
915.500 3.752577e+06
916.500 3.752648e+06
917.500 3.752719e+06
918.500 3.752790e+06
919.500 3.752861e+06
920.500 3.752931e+06
921.500 3.753001e+06
922.500 3.753071e+06
923.500 3.753141e+06
924.500 3.753210e+06
925.500 3.753279e+06
926.500 3.753348e+06
927.500 3.753417e+06
928.500 3.753486e+06
929.500 3.753554e+06
930.500 3.753622e+06
931.500 3.753690e+06
932.500 3.753758e+06
933.500 3.753826e+06
934.500 3.753893e+06
935.500 3.753960e+06
936.500 3.754027e+06
937.500 3.754093e+06
938.500 3.754160e+06
939.500 3.754226e+06
940.500 3.754292e+06
941.500 3.754358e+06
942.500 3.754423e+06
943.500 3.754489e+06
944.500 3.754554e+06
945.500 3.754619e+06
946.500 3.754684e+06
947.500 3.754748e+06
948.500 3.754813e+06
949.500 3.754877e+06
950.500 3.754941e+06
951.500 3.755005e+06
952.500 3.755068e+06
953.500 3.755131e+06
954.500 3.755195e+06
955.500 3.755258e+06
956.500 3.755320e+06
957.500 3.755383e+06
958.500 3.755445e+06
959.500 3.755507e+06
960.500 3.755569e+06
961.500 3.755631e+06
962.500 3.755693e+06
963.500 3.755754e+06
964.500 3.755816e+06
965.500 3.755877e+06
966.500 3.755937e+06
967.500 3.755998e+06
968.500 3.756059e+06
969.500 3.756119e+06
970.500 3.756179e+06
971.500 3.756239e+06
972.500 3.756299e+06
973.500 3.756358e+06
974.500 3.756418e+06
975.500 3.756477e+06
976.500 3.756536e+06
977.500 3.756595e+06
978.500 3.756653e+06
979.500 3.756712e+06
980.500 3.756770e+06
981.500 3.756828e+06
982.500 3.756886e+06
983.500 3.756944e+06
984.500 3.757002e+06
985.500 3.757059e+06
986.500 3.757116e+06
987.500 3.757173e+06
988.500 3.757230e+06
989.500 3.757287e+06
990.500 3.757344e+06
991.500 3.757400e+06
992.500 3.757456e+06
993.500 3.757512e+06
994.500 3.757568e+06
995.500 3.757624e+06
996.500 3.757680e+06
997.500 3.757735e+06
998.500 3.757790e+06
999.500 3.757845e+06