10.000 1.001869e+18
14.995 1.020024e+18
19.990 1.039067e+18
24.985 1.058876e+18
29.980 1.079303e+18
34.975 1.100176e+18
39.970 1.121286e+18
44.965 1.142410e+18
49.960 1.163329e+18
54.955 1.183854e+18
59.950 1.203830e+18
64.945 1.223145e+18
69.940 1.241724e+18
74.935 1.259522e+18
79.930 1.276521e+18
84.925 1.292722e+18
89.920 1.308140e+18
94.915 1.322800e+18
99.910 1.336733e+18
104.905 1.349975e+18
109.900 1.362563e+18
114.895 1.374534e+18
119.890 1.385928e+18
124.885 1.396781e+18
129.880 1.407126e+18
134.875 1.416999e+18
139.870 1.426431e+18
144.865 1.435451e+18
149.860 1.444088e+18
154.855 1.452367e+18
159.850 1.460313e+18
164.845 1.467948e+18
169.840 1.475294e+18
174.835 1.482371e+18
179.830 1.489197e+18
184.825 1.495790e+18
189.820 1.502165e+18
194.815 1.508339e+18
199.810 1.514323e+18
204.805 1.520133e+18
209.800 1.525780e+18
214.795 1.531277e+18
219.790 1.536633e+18
224.785 1.541860e+18
229.780 1.546966e+18
234.775 1.551961e+18
239.770 1.556854e+18
244.765 1.561651e+18
249.760 1.566362e+18
254.755 1.570992e+18
259.750 1.575548e+18
264.745 1.580037e+18
269.740 1.584463e+18
274.735 1.588832e+18
279.730 1.593151e+18
284.725 1.597422e+18
289.720 1.601649e+18
294.715 1.605839e+18
299.710 1.609993e+18
304.705 1.614115e+18
309.700 1.618208e+18
314.695 1.622276e+18
319.690 1.626321e+18
324.685 1.630345e+18
329.680 1.634350e+18
334.675 1.638338e+18
339.670 1.642312e+18
344.665 1.646272e+18
349.660 1.650220e+18
354.655 1.654157e+18
359.650 1.658085e+18
364.645 1.662003e+18
369.640 1.665913e+18
374.635 1.669817e+18
379.630 1.673713e+18
384.625 1.677602e+18
389.620 1.681485e+18
394.615 1.685361e+18
399.610 1.689231e+18
404.605 1.693095e+18
409.600 1.696954e+18
414.595 1.700805e+18
419.590 1.704650e+18
424.585 1.708489e+18
429.580 1.712320e+18
434.575 1.716143e+18
439.570 1.719957e+18
444.565 1.723764e+18
449.560 1.727562e+18
454.555 1.731349e+18
459.550 1.735126e+18
464.545 1.738893e+18
469.540 1.742648e+18
474.535 1.746391e+18
479.530 1.750122e+18
484.525 1.753838e+18
489.520 1.757541e+18
494.515 1.761229e+18
499.510 1.764901e+18
504.505 1.768557e+18
509.499 1.772197e+18
514.494 1.775819e+18
519.489 1.779422e+18
524.484 1.783008e+18
529.479 1.786573e+18
534.474 1.790119e+18
539.469 1.793643e+18
544.464 1.797146e+18
549.459 1.800628e+18
554.454 1.804087e+18
559.449 1.807522e+18
564.444 1.810934e+18
569.439 1.814322e+18
574.434 1.817684e+18
579.429 1.821021e+18
584.424 1.824333e+18
589.419 1.827619e+18
594.414 1.830878e+18
599.409 1.834109e+18
604.404 1.837312e+18
609.399 1.840488e+18
614.394 1.843636e+18
619.389 1.846755e+18
624.384 1.849844e+18
629.379 1.852904e+18
634.374 1.855934e+18
639.369 1.858935e+18
644.364 1.861905e+18
649.359 1.864844e+18
654.354 1.867752e+18
659.349 1.870629e+18
664.344 1.873475e+18
669.339 1.876290e+18
674.334 1.879073e+18
679.329 1.881824e+18
684.324 1.884543e+18
689.319 1.887231e+18
694.314 1.889885e+18
699.309 1.892508e+18
704.304 1.895098e+18
709.299 1.897656e+18
714.294 1.900181e+18
719.289 1.902674e+18
724.284 1.905134e+18
729.279 1.907562e+18
734.274 1.909957e+18
739.269 1.912320e+18
744.264 1.914649e+18
749.259 1.916946e+18
754.254 1.919211e+18
759.249 1.921443e+18
764.244 1.923644e+18
769.239 1.925811e+18
774.234 1.927947e+18
779.229 1.930050e+18
784.224 1.932121e+18
789.219 1.934160e+18
794.214 1.936167e+18
799.209 1.938143e+18
804.204 1.940087e+18
809.199 1.941999e+18
814.194 1.943881e+18
819.189 1.945731e+18
824.184 1.947550e+18
829.179 1.949338e+18
834.174 1.951095e+18
839.169 1.952822e+18
844.164 1.954519e+18
849.159 1.956185e+18
854.154 1.957822e+18
859.149 1.959428e+18
864.144 1.961006e+18
869.139 1.962553e+18
874.134 1.964072e+18
879.129 1.965561e+18
884.124 1.967022e+18
889.119 1.968454e+18
894.114 1.969857e+18
899.109 1.971233e+18
904.104 1.972581e+18
909.099 1.974078e+18
914.094 1.975589e+18
919.089 1.977074e+18
924.084 1.978531e+18
929.079 1.979962e+18
934.074 1.981366e+18
939.069 1.982744e+18
944.064 1.984095e+18
949.059 1.985421e+18
954.054 1.986721e+18
959.049 1.987996e+18
964.044 1.989245e+18
969.039 1.990469e+18
974.034 1.991669e+18
979.029 1.992844e+18
984.024 1.993994e+18
989.019 1.995120e+18
994.014 1.996222e+18
999.009 1.997301e+18
1004.004 1.998356e+18
1008.999 1.999388e+18
1013.994 2.000396e+18
1018.989 2.001382e+18
1023.984 2.002346e+18
1028.979 2.003286e+18
1033.974 2.004204e+18
1038.969 2.005101e+18
1043.964 2.005975e+18
1048.959 2.006828e+18
1053.954 2.007660e+18
1058.949 2.008470e+18
1063.944 2.009260e+18
1068.939 2.010029e+18
1073.934 2.010777e+18
1078.929 2.011505e+18
1083.924 2.012213e+18
1088.919 2.012901e+18
1093.914 2.013570e+18
1098.909 2.014219e+18
1103.904 2.014848e+18
1108.899 2.015459e+18
1113.894 2.016050e+18
1118.889 2.016624e+18
1123.884 2.017178e+18
1128.879 2.017715e+18
1133.874 2.018233e+18
1138.869 2.018734e+18
1143.864 2.019216e+18
1148.859 2.019682e+18
1153.854 2.020130e+18
1158.849 2.020561e+18
1163.844 2.020975e+18
1168.839 2.021372e+18
1173.834 2.021753e+18
1178.829 2.022118e+18
1183.824 2.022467e+18
1188.819 2.022799e+18
1193.814 2.023116e+18
1198.809 2.023417e+18
1203.804 2.023703e+18
1208.799 2.023973e+18
1213.794 2.024229e+18
1218.789 2.024470e+18
1223.784 2.024696e+18
1228.779 2.024907e+18
1233.774 2.025104e+18
1238.769 2.025287e+18
1243.764 2.025456e+18
1248.759 2.025611e+18
1253.754 2.025753e+18
1258.749 2.025880e+18
1263.744 2.025995e+18
1268.739 2.026096e+18
1273.734 2.026185e+18
1278.729 2.026260e+18
1283.724 2.026323e+18
1288.719 2.026373e+18
1293.714 2.026411e+18
1298.709 2.026437e+18
1303.704 2.026450e+18
1308.699 2.026452e+18
1313.694 2.026441e+18
1318.689 2.026419e+18
1323.684 2.026386e+18
1328.679 2.026341e+18
1333.674 2.026285e+18
1338.669 2.026218e+18
1343.664 2.026140e+18
1348.659 2.026052e+18
1353.654 2.025952e+18
1358.649 2.025842e+18
1363.644 2.025722e+18
1368.639 2.025591e+18
1373.634 2.025451e+18
1378.629 2.025300e+18
1383.624 2.025140e+18
1388.619 2.024970e+18
1393.614 2.024790e+18
1398.609 2.024601e+18
1403.604 2.024402e+18
1408.599 2.024194e+18
1413.594 2.023977e+18
1418.589 2.023751e+18
1423.584 2.023517e+18
1428.579 2.023273e+18
1433.574 2.023021e+18
1438.569 2.022761e+18
1443.564 2.022492e+18
1448.559 2.022215e+18
1453.554 2.021929e+18
1458.549 2.021636e+18
1463.544 2.021335e+18
1468.539 2.021026e+18
1473.534 2.020709e+18
1478.529 2.020384e+18
1483.524 2.020052e+18
1488.519 2.019713e+18
1493.514 2.019366e+18
1498.509 2.019013e+18
1503.504 2.018652e+18
1508.498 2.018284e+18
1513.493 2.017909e+18
1518.488 2.017528e+18
1523.483 2.017140e+18
1528.478 2.016745e+18
1533.473 2.016344e+18
1538.468 2.015936e+18
1543.463 2.015522e+18
1548.458 2.015102e+18
1553.453 2.014676e+18
1558.448 2.014244e+18
1563.443 2.013805e+18
1568.438 2.013361e+18
1573.433 2.012912e+18
1578.428 2.012456e+18
1583.423 2.011995e+18
1588.418 2.011529e+18
1593.413 2.011057e+18
1598.408 2.010550e+18
1603.403 2.010034e+18
1608.398 2.009514e+18
1613.393 2.008989e+18
1618.388 2.008459e+18
1623.383 2.007924e+18
1628.378 2.007385e+18
1633.373 2.006841e+18
1638.368 2.006294e+18
1643.363 2.005742e+18
1648.358 2.005185e+18
1653.353 2.004625e+18
1658.348 2.004060e+18
1663.343 2.003492e+18
1668.338 2.002920e+18
1673.333 2.002343e+18
1678.328 2.001763e+18
1683.323 2.001180e+18
1688.318 2.000593e+18
1693.313 2.000002e+18
1698.308 1.999408e+18
1703.303 1.998810e+18
1708.298 1.998209e+18
1713.293 1.997605e+18
1718.288 1.996997e+18
1723.283 1.996387e+18
1728.278 1.995773e+18
1733.273 1.995156e+18
1738.268 1.994537e+18
1743.263 1.993914e+18
1748.258 1.993288e+18
1753.253 1.992660e+18
1758.248 1.992029e+18
1763.243 1.991396e+18
1768.238 1.990760e+18
1773.233 1.990121e+18
1778.228 1.989480e+18
1783.223 1.988836e+18
1788.218 1.988190e+18
1793.213 1.987542e+18
1798.208 1.986891e+18
1803.203 1.986239e+18
1808.198 1.985584e+18
1813.193 1.984927e+18
1818.188 1.984268e+18
1823.183 1.983607e+18
1828.178 1.982944e+18
1833.173 1.982279e+18
1838.168 1.981612e+18
1843.163 1.980944e+18
1848.158 1.980273e+18
1853.153 1.979601e+18
1858.148 1.978928e+18
1863.143 1.978253e+18
1868.138 1.977576e+18
1873.133 1.976898e+18
1878.128 1.976218e+18
1883.123 1.975537e+18
1888.118 1.974854e+18
1893.113 1.974171e+18
1898.108 1.973486e+18
1903.103 1.972799e+18
1908.098 1.972112e+18
1913.093 1.971423e+18
1918.088 1.970733e+18
1923.083 1.970042e+18
1928.078 1.969351e+18
1933.073 1.968658e+18
1938.068 1.967964e+18
1943.063 1.967269e+18
1948.058 1.966573e+18
1953.053 1.965877e+18
1958.048 1.965180e+18
1963.043 1.964482e+18
1968.038 1.963783e+18
1973.033 1.963084e+18
1978.028 1.962383e+18
1983.023 1.961683e+18
1988.018 1.960982e+18
1993.013 1.960280e+18
1998.008 1.959577e+18
2003.003 1.958875e+18
2007.998 1.958171e+18
2012.993 1.957468e+18
2017.988 1.956764e+18
2022.983 1.956059e+18
2027.978 1.955355e+18
2032.973 1.954650e+18
2037.968 1.953944e+18
2042.963 1.953239e+18
2047.958 1.952533e+18
2052.953 1.951827e+18
2057.948 1.951122e+18
2062.943 1.950415e+18
2067.938 1.949709e+18
2072.933 1.949003e+18
2077.928 1.948297e+18
2082.923 1.947591e+18
2087.918 1.946885e+18
2092.913 1.946179e+18
2097.908 1.945473e+18
2102.903 1.944767e+18
2107.898 1.944061e+18
2112.893 1.943355e+18
2117.888 1.942650e+18
2122.883 1.941945e+18
2127.878 1.941240e+18
2132.873 1.940535e+18
2137.868 1.939831e+18
2142.863 1.939127e+18
2147.858 1.938423e+18
2152.853 1.937719e+18
2157.848 1.937016e+18
2162.843 1.936314e+18
2167.838 1.935612e+18
2172.833 1.934910e+18
2177.828 1.934208e+18
2182.823 1.933508e+18
2187.818 1.932807e+18
2192.813 1.932107e+18
2197.808 1.931408e+18
2202.803 1.930710e+18
2207.798 1.930011e+18
2212.793 1.929314e+18
2217.788 1.928617e+18
2222.783 1.927920e+18
2227.778 1.927225e+18
2232.773 1.926530e+18
2237.768 1.925835e+18
2242.763 1.925141e+18
2247.758 1.924448e+18
2252.753 1.923756e+18
2257.748 1.923065e+18
2262.743 1.922374e+18
2267.738 1.921684e+18
2272.733 1.920995e+18
2277.728 1.920306e+18
2282.723 1.919619e+18
2287.718 1.918932e+18
2292.713 1.918246e+18
2297.708 1.917561e+18
2302.703 1.916877e+18
2307.698 1.916194e+18
2312.693 1.915512e+18
2317.688 1.914831e+18
2322.683 1.914150e+18
2327.678 1.913471e+18
2332.673 1.912792e+18
2337.668 1.912115e+18
2342.663 1.911438e+18
2347.658 1.910762e+18
2352.653 1.910088e+18
2357.648 1.909414e+18
2362.643 1.908742e+18
2367.638 1.908070e+18
2372.633 1.907400e+18
2377.628 1.906730e+18
2382.623 1.906062e+18
2387.618 1.905395e+18
2392.613 1.904729e+18
2397.608 1.904064e+18
2402.603 1.903400e+18
2407.598 1.902737e+18
2412.593 1.902075e+18
2417.588 1.901415e+18
2422.583 1.900755e+18
2427.578 1.900097e+18
2432.573 1.899440e+18
2437.568 1.898784e+18
2442.563 1.898129e+18
2447.558 1.897475e+18
2452.553 1.896823e+18
2457.548 1.896172e+18
2462.543 1.895522e+18
2467.538 1.894873e+18
2472.533 1.894225e+18
2477.528 1.893579e+18
2482.523 1.892933e+18
2487.518 1.892289e+18
2492.513 1.891647e+18
2497.508 1.891005e+18
2502.503 1.890365e+18
2507.497 1.889726e+18
2512.492 1.889088e+18
2517.487 1.888452e+18
2522.482 1.887816e+18
2527.477 1.887182e+18
2532.472 1.886550e+18
2537.467 1.885918e+18
2542.462 1.885288e+18
2547.457 1.884659e+18
2552.452 1.884031e+18
2557.447 1.883405e+18
2562.442 1.882780e+18
2567.437 1.882156e+18
2572.432 1.881534e+18
2577.427 1.880913e+18
2582.422 1.880293e+18
2587.417 1.879674e+18
2592.412 1.879057e+18
2597.407 1.878441e+18
2602.402 1.877827e+18
2607.397 1.877213e+18
2612.392 1.876601e+18
2617.387 1.875991e+18
2622.382 1.875381e+18
2627.377 1.874773e+18
2632.372 1.874166e+18
2637.367 1.873561e+18
2642.362 1.872957e+18
2647.357 1.872354e+18
2652.352 1.871753e+18
2657.347 1.871152e+18
2662.342 1.870553e+18
2667.337 1.869956e+18
2672.332 1.869360e+18
2677.327 1.868765e+18
2682.322 1.868159e+18
2687.317 1.867538e+18
2692.312 1.866917e+18
2697.307 1.866298e+18
2702.302 1.865680e+18
2707.297 1.865063e+18
2712.292 1.864447e+18
2717.287 1.863832e+18
2722.282 1.863218e+18
2727.277 1.862605e+18
2732.272 1.861994e+18
2737.267 1.861383e+18
2742.262 1.860774e+18
2747.257 1.860166e+18
2752.252 1.859559e+18
2757.247 1.858953e+18
2762.242 1.858348e+18
2767.237 1.857744e+18
2772.232 1.857141e+18
2777.227 1.856540e+18
2782.222 1.855939e+18
2787.217 1.855340e+18
2792.212 1.854742e+18
2797.207 1.854145e+18
2802.202 1.853548e+18
2807.197 1.852953e+18
2812.192 1.852360e+18
2817.187 1.851767e+18
2822.182 1.851175e+18
2827.177 1.850585e+18
2832.172 1.849995e+18
2837.167 1.849407e+18
2842.162 1.848820e+18
2847.157 1.848233e+18
2852.152 1.847648e+18
2857.147 1.847064e+18
2862.142 1.846481e+18
2867.137 1.845899e+18
2872.132 1.845319e+18
2877.127 1.844739e+18
2882.122 1.844160e+18
2887.117 1.843583e+18
2892.112 1.843006e+18
2897.107 1.842431e+18
2902.102 1.841856e+18
2907.097 1.841283e+18
2912.092 1.840710e+18
2917.087 1.840139e+18
2922.082 1.839569e+18
2927.077 1.839000e+18
2932.072 1.838432e+18
2937.067 1.837865e+18
2942.062 1.837298e+18
2947.057 1.836733e+18
2952.052 1.836169e+18
2957.047 1.835606e+18
2962.042 1.835044e+18
2967.037 1.834482e+18
2972.032 1.833922e+18
2977.027 1.833363e+18
2982.022 1.832805e+18
2987.017 1.832248e+18
2992.012 1.831692e+18
2997.007 1.831137e+18
3002.002 1.830582e+18
3006.997 1.830029e+18
3011.992 1.829477e+18
3016.987 1.828926e+18
3021.982 1.828376e+18
3026.977 1.827826e+18
3031.972 1.827278e+18
3036.967 1.826731e+18
3041.962 1.826185e+18
3046.957 1.825639e+18
3051.952 1.825095e+18
3056.947 1.824551e+18
3061.942 1.824009e+18
3066.937 1.823467e+18
3071.932 1.822927e+18
3076.927 1.822387e+18
3081.922 1.821848e+18
3086.917 1.821310e+18
3091.912 1.820773e+18
3096.907 1.820237e+18
3101.902 1.819702e+18
3106.897 1.819168e+18
3111.892 1.818635e+18
3116.887 1.818102e+18
3121.882 1.817571e+18
3126.877 1.817040e+18
3131.872 1.816511e+18
3136.867 1.815982e+18
3141.862 1.815454e+18
3146.857 1.814927e+18
3151.852 1.814401e+18
3156.847 1.813875e+18
3161.842 1.813351e+18
3166.837 1.812828e+18
3171.832 1.812305e+18
3176.827 1.811782e+18
3181.822 1.811261e+18
3186.817 1.810741e+18
3191.812 1.810221e+18
3196.807 1.809702e+18
3201.802 1.809185e+18
3206.797 1.808667e+18
3211.792 1.808151e+18
3216.787 1.807636e+18
3221.782 1.807121e+18
3226.777 1.806607e+18
3231.772 1.806094e+18
3236.767 1.805582e+18
3241.762 1.805070e+18
3246.757 1.804560e+18
3251.752 1.804050e+18
3256.747 1.803541e+18
3261.742 1.803032e+18
3266.737 1.802525e+18
3271.732 1.802018e+18
3276.727 1.801512e+18
3281.722 1.801007e+18
3286.717 1.800502e+18
3291.712 1.799998e+18
3296.707 1.799495e+18
3301.702 1.798993e+18
3306.697 1.798491e+18
3311.692 1.797991e+18
3316.687 1.797490e+18
3321.682 1.796991e+18
3326.677 1.796492e+18
3331.672 1.795995e+18
3336.667 1.795497e+18
3341.662 1.795001e+18
3346.657 1.794505e+18
3351.652 1.794010e+18
3356.647 1.793515e+18
3361.642 1.793022e+18
3366.637 1.792528e+18
3371.632 1.792036e+18
3376.627 1.791544e+18
3381.622 1.791053e+18
3386.617 1.790562e+18
3391.612 1.790072e+18
3396.607 1.789759e+18
3401.602 1.789464e+18
3406.597 1.789170e+18
3411.592 1.788877e+18
3416.587 1.788585e+18
3421.582 1.788295e+18
3426.577 1.788005e+18
3431.572 1.787716e+18
3436.567 1.787428e+18
3441.562 1.787142e+18
3446.557 1.786856e+18
3451.552 1.786571e+18
3456.547 1.786288e+18
3461.542 1.786005e+18
3466.537 1.785723e+18
3471.532 1.785443e+18
3476.527 1.785163e+18
3481.522 1.784884e+18
3486.517 1.784607e+18
3491.512 1.784330e+18
3496.507 1.784054e+18
3501.502 1.783779e+18
3506.496 1.783505e+18
3511.491 1.783232e+18
3516.486 1.782960e+18
3521.481 1.782689e+18
3526.476 1.782419e+18
3531.471 1.782150e+18
3536.466 1.781881e+18
3541.461 1.781614e+18
3546.456 1.781347e+18
3551.451 1.781082e+18
3556.446 1.780817e+18
3561.441 1.780553e+18
3566.436 1.780289e+18
3571.431 1.780027e+18
3576.426 1.779766e+18
3581.421 1.779505e+18
3586.416 1.779246e+18
3591.411 1.778987e+18
3596.406 1.778729e+18
3601.401 1.778472e+18
3606.396 1.778215e+18
3611.391 1.777960e+18
3616.386 1.777705e+18
3621.381 1.777451e+18
3626.376 1.777198e+18
3631.371 1.776946e+18
3636.366 1.776695e+18
3641.361 1.776444e+18
3646.356 1.776194e+18
3651.351 1.775945e+18
3656.346 1.775697e+18
3661.341 1.775450e+18
3666.336 1.775203e+18
3671.331 1.774957e+18
3676.326 1.774712e+18
3681.321 1.774468e+18
3686.316 1.774224e+18
3691.311 1.773981e+18
3696.306 1.773739e+18
3701.301 1.773497e+18
3706.296 1.773257e+18
3711.291 1.773017e+18
3716.286 1.772778e+18
3721.281 1.772539e+18
3726.276 1.772301e+18
3731.271 1.772064e+18
3736.266 1.771827e+18
3741.261 1.771591e+18
3746.256 1.771356e+18
3751.251 1.771122e+18
3756.246 1.770888e+18
3761.241 1.770655e+18
3766.236 1.770423e+18
3771.231 1.770191e+18
3776.226 1.769960e+18
3781.221 1.769729e+18
3786.216 1.769500e+18
3791.211 1.769271e+18
3796.206 1.769042e+18
3801.201 1.768814e+18
3806.196 1.768587e+18
3811.191 1.768361e+18
3816.186 1.768135e+18
3821.181 1.767909e+18
3826.176 1.767685e+18
3831.171 1.767461e+18
3836.166 1.767237e+18
3841.161 1.767014e+18
3846.156 1.766792e+18
3851.151 1.766571e+18
3856.146 1.766166e+18
3861.141 1.765468e+18
3866.136 1.764769e+18
3871.131 1.764071e+18
3876.126 1.763373e+18
3881.121 1.762674e+18
3886.116 1.761976e+18
3891.111 1.761278e+18
3896.106 1.760581e+18
3901.101 1.759883e+18
3906.096 1.759186e+18
3911.091 1.758489e+18
3916.086 1.757793e+18
3921.081 1.757096e+18
3926.076 1.756399e+18
3931.071 1.755703e+18
3936.066 1.755007e+18
3941.061 1.754312e+18
3946.056 1.753616e+18
3951.051 1.752920e+18
3956.046 1.752225e+18
3961.041 1.751530e+18
3966.036 1.750835e+18
3971.031 1.750141e+18
3976.026 1.749446e+18
3981.021 1.748752e+18
3986.016 1.748058e+18
3991.011 1.747364e+18
3996.006 1.746671e+18
4001.001 1.745977e+18
4005.996 1.745284e+18
4010.991 1.744591e+18
4015.986 1.743898e+18
4020.981 1.743205e+18
4025.976 1.742513e+18
4030.971 1.741821e+18
4035.966 1.741129e+18
4040.961 1.740437e+18
4045.956 1.739746e+18
4050.951 1.739054e+18
4055.946 1.738363e+18
4060.941 1.737672e+18
4065.936 1.736981e+18
4070.931 1.736291e+18
4075.926 1.735601e+18
4080.921 1.734910e+18
4085.916 1.734220e+18
4090.911 1.733530e+18
4095.906 1.732841e+18
4100.901 1.732152e+18
4105.896 1.731462e+18
4110.891 1.730773e+18
4115.886 1.730084e+18
4120.881 1.729396e+18
4125.876 1.728707e+18
4130.871 1.728019e+18
4135.866 1.727331e+18
4140.861 1.726643e+18
4145.856 1.725955e+18
4150.851 1.725268e+18
4155.846 1.724580e+18
4160.841 1.723893e+18
4165.836 1.723206e+18
4170.831 1.722519e+18
4175.826 1.721833e+18
4180.821 1.721147e+18
4185.816 1.720461e+18
4190.811 1.719775e+18
4195.806 1.719089e+18
4200.801 1.718404e+18
4205.796 1.717719e+18
4210.791 1.717034e+18
4215.786 1.716349e+18
4220.781 1.715664e+18
4225.776 1.714980e+18
4230.771 1.714295e+18
4235.766 1.713661e+18
4240.761 1.713098e+18
4245.756 1.712536e+18
4250.751 1.711974e+18
4255.746 1.711411e+18
4260.741 1.710849e+18
4265.736 1.710287e+18
4270.731 1.709726e+18
4275.726 1.709164e+18
4280.721 1.708603e+18
4285.716 1.708041e+18
4290.711 1.707480e+18
4295.706 1.706919e+18
4300.701 1.706358e+18
4305.696 1.705798e+18
4310.691 1.705237e+18
4315.686 1.704677e+18
4320.681 1.704117e+18
4325.676 1.703557e+18
4330.671 1.702997e+18
4335.666 1.702438e+18
4340.661 1.701878e+18
4345.656 1.701319e+18
4350.651 1.700760e+18
4355.646 1.700201e+18
4360.641 1.699642e+18
4365.636 1.699083e+18
4370.631 1.698525e+18
4375.626 1.697966e+18
4380.621 1.697408e+18
4385.616 1.696850e+18
4390.611 1.696291e+18
4395.606 1.695734e+18
4400.601 1.695176e+18
4405.596 1.694618e+18
4410.591 1.694061e+18
4415.586 1.693503e+18
4420.581 1.692946e+18
4425.576 1.692389e+18
4430.571 1.691832e+18
4435.566 1.691275e+18
4440.561 1.690719e+18
4445.556 1.690162e+18
4450.551 1.689606e+18
4455.546 1.689050e+18
4460.541 1.688494e+18
4465.536 1.687939e+18
4470.531 1.687383e+18
4475.526 1.686828e+18
4480.521 1.686272e+18
4485.516 1.685717e+18
4490.511 1.685162e+18
4495.506 1.684607e+18
4500.501 1.684052e+18
4505.495 1.683497e+18
4510.490 1.682943e+18
4515.485 1.682389e+18
4520.480 1.681834e+18
4525.475 1.681280e+18
4530.470 1.680726e+18
4535.465 1.680172e+18
4540.460 1.679619e+18
4545.455 1.679065e+18
4550.450 1.678512e+18
4555.445 1.677958e+18
4560.440 1.677405e+18
4565.435 1.676852e+18
4570.430 1.676181e+18
4575.425 1.675408e+18
4580.420 1.674636e+18
4585.415 1.673864e+18
4590.410 1.673093e+18
4595.405 1.672322e+18
4600.400 1.671551e+18
4605.395 1.670780e+18
4610.390 1.670010e+18
4615.385 1.669240e+18
4620.380 1.668470e+18
4625.375 1.667701e+18
4630.370 1.666932e+18
4635.365 1.666163e+18
4640.360 1.665395e+18
4645.355 1.664627e+18
4650.350 1.663859e+18
4655.345 1.663092e+18
4660.340 1.662325e+18
4665.335 1.661558e+18
4670.330 1.660792e+18
4675.325 1.660026e+18
4680.320 1.659260e+18
4685.315 1.658494e+18
4690.310 1.657729e+18
4695.305 1.656965e+18
4700.300 1.656200e+18
4705.295 1.655436e+18
4710.290 1.654672e+18
4715.285 1.653909e+18
4720.280 1.653146e+18
4725.275 1.652383e+18
4730.270 1.651621e+18
4735.265 1.650859e+18
4740.260 1.650097e+18
4745.255 1.649336e+18
4750.250 1.648575e+18
4755.245 1.647814e+18
4760.240 1.647054e+18
4765.235 1.646294e+18
4770.230 1.645534e+18
4775.225 1.644775e+18
4780.220 1.644016e+18
4785.215 1.643257e+18
4790.210 1.642499e+18
4795.205 1.641741e+18
4800.200 1.640983e+18
4805.195 1.640226e+18
4810.190 1.639469e+18
4815.185 1.638713e+18
4820.180 1.637957e+18
4825.175 1.637201e+18
4830.170 1.636446e+18
4835.165 1.635691e+18
4840.160 1.634937e+18
4845.155 1.634183e+18
4850.150 1.633429e+18
4855.145 1.632676e+18
4860.140 1.631923e+18
4865.135 1.631171e+18
4870.130 1.630418e+18
4875.125 1.629596e+18
4880.120 1.628727e+18
4885.115 1.627858e+18
4890.110 1.626989e+18
4895.105 1.626121e+18
4900.100 1.625254e+18
4905.095 1.624388e+18
4910.090 1.623521e+18
4915.085 1.622656e+18
4920.080 1.621791e+18
4925.075 1.620926e+18
4930.070 1.620063e+18
4935.065 1.619200e+18
4940.060 1.618337e+18
4945.055 1.617475e+18
4950.050 1.616614e+18
4955.045 1.615753e+18
4960.040 1.614893e+18
4965.035 1.614033e+18
4970.030 1.613174e+18
4975.025 1.612316e+18
4980.020 1.611458e+18
4985.015 1.610601e+18
4990.010 1.609744e+18
4995.005 1.608888e+18
5000.000 1.608033e+18