   6.4675544e-06
   9.4511769e-06
   3.6159442e-06
  -5.6404057e-06
  -9.6862404e-06
  -4.7007704e-06
   4.7207528e-06
   9.8003027e-06
   5.7510785e-06
  -3.7152015e-06
  -9.7884565e-06
  -6.7550477e-06
   2.6311144e-06
   9.6463848e-06
   7.7006881e-06
  -1.4766168e-06
  -9.3703605e-06
  -8.5758255e-06
   2.6061494e-07
   8.9572425e-06
   9.3680692e-06
   1.0071724e-06
  -8.4044670e-06
  -1.0064756e-05
  -2.3161597e-06
   7.7100357e-06
   1.0652866e-05
   3.6548101e-06
  -6.8725024e-06
  -1.1118895e-05
  -5.0105065e-06
   5.8909615e-06
   1.1448675e-05
   6.3693581e-06
  -4.7650426e-06
  -1.1627124e-05
  -7.7159149e-06
   3.4949204e-06
   1.1637893e-05
   9.0327443e-06
  -2.0813546e-06
  -1.1462866e-05
  -1.0299803e-05
   5.2578445e-07
   1.1081465e-05
   1.1493497e-05
   1.1694782e-06
  -1.0469648e-05
  -1.2585254e-05
  -3.0008833e-06
   9.5984584e-06
   1.3539323e-05
   4.9629677e-06
  -8.4318766e-06
  -1.4309307e-05
  -7.0471272e-06
   6.9235588e-06
   1.4832555e-05
   9.2393737e-06
  -5.0117424e-06
  -1.5020843e-05
  -1.1516189e-05
   2.6110113e-06
   1.4744298e-05
   1.3836689e-05
   4.0156103e-07
  -1.3802588e-05
  -1.6127369e-05
  -4.2108535e-06
   1.1870737e-05
   1.8251227e-05
   9.1092952e-06
  -8.3914613e-06
  -1.9942137e-05
  -1.5587844e-05
   2.3464929e-06
   2.0656601e-05
   2.4533074e-05
   8.2699968e-06
  -1.9212260e-05
  -3.7700467e-05
  -2.7793434e-05
   1.2815606e-05
   5.9013162e-05
   6.6792222e-05
   5.9189414e-06
  -9.8826330e-05
  -1.5568990e-04
  -6.0013540e-05
   1.9193652e-04
   4.0722547e-04
   2.4438809e-04
  -5.0676343e-04
  -1.4688457e-03
  -1.2839868e-03
   2.3781941e-03
   1.2179030e-02
   2.9916681e-02
   5.5239323e-02
   8.4936813e-02
   1.1334531e-01
   1.3392103e-01
   1.4144321e-01
   1.3392103e-01
   1.1334531e-01
   8.4936813e-02
   5.5239323e-02
   2.9916681e-02
   1.2179030e-02
   2.3781941e-03
  -1.2839868e-03
  -1.4688457e-03
  -5.0676343e-04
   2.4438809e-04
   4.0722547e-04
   1.9193652e-04
  -6.0013540e-05
  -1.5568990e-04
  -9.8826330e-05
   5.9189414e-06
   6.6792222e-05
   5.9013162e-05
   1.2815606e-05
  -2.7793434e-05
  -3.7700467e-05
  -1.9212260e-05
   8.2699968e-06
   2.4533074e-05
   2.0656601e-05
   2.3464929e-06
  -1.5587844e-05
  -1.9942137e-05
  -8.3914613e-06
   9.1092952e-06
   1.8251227e-05
   1.1870737e-05
  -4.2108535e-06
  -1.6127369e-05
  -1.3802588e-05
   4.0156103e-07
   1.3836689e-05
   1.4744298e-05
   2.6110113e-06
  -1.1516189e-05
  -1.5020843e-05
  -5.0117424e-06
   9.2393737e-06
   1.4832555e-05
   6.9235588e-06
  -7.0471272e-06
  -1.4309307e-05
  -8.4318766e-06
   4.9629677e-06
   1.3539323e-05
   9.5984584e-06
  -3.0008833e-06
  -1.2585254e-05
  -1.0469648e-05
   1.1694782e-06
   1.1493497e-05
   1.1081465e-05
   5.2578445e-07
  -1.0299803e-05
  -1.1462866e-05
  -2.0813546e-06
   9.0327443e-06
   1.1637893e-05
   3.4949204e-06
  -7.7159149e-06
  -1.1627124e-05
  -4.7650426e-06
   6.3693581e-06
   1.1448675e-05
   5.8909615e-06
  -5.0105065e-06
  -1.1118895e-05
  -6.8725024e-06
   3.6548101e-06
   1.0652866e-05
   7.7100357e-06
  -2.3161597e-06
  -1.0064756e-05
  -8.4044670e-06
   1.0071724e-06
   9.3680692e-06
   8.9572425e-06
   2.6061495e-07
  -8.5758255e-06
  -9.3703605e-06
  -1.4766168e-06
   7.7006881e-06
   9.6463848e-06
