-27	-0.0315771807537505
-17	-0.0158918873161361
-7	-0.0225741392060007
3	-0.319427352177095
13	-0.40373325100622
23	-0.454524531284303
33	-0.512625937797292
43	-0.610551227405781
53	-0.646710536406879
63	-0.691055689535309
73	-0.667121281009879
83	-0.715201485729967
93	-0.740026113977314
103	-0.771464367544822
113	-0.806472181851445
123	-0.776594588364435
133	-0.859964917124039
143	-0.813331703073546
153	-0.825459162458836
163	-0.816042496523966
173	-0.806474166483718
183	-0.863759862056348
193	-0.89456095316502
203	-0.880335182400293
213	-0.892854866081229
223	-0.932390815038419
233	-0.943461505122576
243	-0.972060710940359
253	-0.958291244968899
263	-0.955457105195755
273	-0.964560294182217
283	-0.989064773508964
293	-0.954117130991584
303	-0.925217908891328
313	-0.933938922978412
323	-0.991648744420051
333	-1.04087987778997
343	-1.04347263062569
353	-1.0652525640322
363	-1.02449347072814
373	-1.00005807628979
383	-0.984863656238566
393	-0.945139509513355
403	-0.866902260519575
413	-0.85350614471277
423	-0.935178588181485
433	-0.941093548481522
443	-0.940321208196121
453	-0.885805785949506
463	-0.87737698298573
473	-0.966574044456641
483	-0.92116966373948
493	-0.927034709110867
503	-0.972730156970362
513	-0.978933658068057
523	-0.902270699597512
533	-0.93155839791438
543	-0.8888307978412
553	-0.916794814489572
563	-0.952021354372484
573	-0.965872304793267
583	-0.938175818880351
593	-0.911762607757044
603	-0.907507431759971
613	-0.934265888218075
623	-0.928894928283937
633	-0.899398074277351
643	-0.817918769667033
653	-0.830975947127698
663	-0.803962907610684
673	-0.836596829308452
683	-0.878063807720454
693	-0.822273046103183
703	-0.855253364617636
712.999999999999	-0.812026911635565
723	-0.797334493413831
733	-0.817405260153677
743	-0.804542026344676
753	-0.788321530186608
763	-0.832285189169411
773	-0.80920498518112
783	-0.796163326564215
793	-0.823881709842664
803	-0.778897291255031
813	-0.760969212586901
823	-0.745664188986462
833.000000000001	-0.752765335162825
843	-0.770802921514819
853	-0.795839729601171
863	-0.78792817435053
873	-0.770521901756312
883	-0.722552798755946
893	-0.744277852908891
903	-0.758005845956824
913	-0.78560376180022
923	-0.798326753018661
933	-0.745317259238932
943	-0.72983591712404
953	-0.756803107574094
962.999999999999	-0.760646397548481
973	-0.747431011159898
983	-0.731184607208196
993	-0.702588196853275
1003	-0.697348892242956
1013	-0.712136970362239
1023	-0.742763425356751
1033	-0.700707776984998
1043	-0.649556632455177
1053	-0.64278071478229
1063	-0.661527411635565
1073	-0.638105978229052
1083	-0.680446945847054
1093	-0.688877231613611
1103	-0.677858595499451
1113	-0.67106252982071
1123	-0.646937132089279
1133	-0.666391520307355
1143	-0.642786728320527
1153	-0.63848123197951
1163	-0.617659699414563
1173	-0.581993463044274
1183	-0.622983371203805
1193	-0.59554041913648
1203	-0.592716334979876
1213	-0.594435525795829
1223	-0.631419665203073
1233	-0.608029270032931
1243	-0.599296203073546
1253	-0.615012597145993
1263	-0.628406930662276
1273	-0.590644201244054
1283	-0.590334075740944
1293	-0.609805711306257
1303	-0.590223845042078
1313	-0.554730752652763
1323	-0.568028137394804
1333	-0.57260069795097
1343	-0.58277012971094
1353	-0.548500402488108
1363	-0.575929208927918
1373	-0.598118483900476
1383	-0.573677086351994
1393	-0.565435279729235
1403	-0.540664461214782
1413	-0.567498572813758
1423	-0.56830993834614
1433	-0.577815279180388
1443	-0.55192152341749
1453	-0.562360847054519
1463	-0.551233979692645
1473	-0.541550877058178
1483	-0.523283613794365
1493	-0.553524469081595
1503	-0.546063540248811
1513	-0.542262054518844
1523	-0.524088243688255
1533	-0.527983542078302
1543	-0.527187692279546
1553	-0.495064384376143
1563	-0.513791748810831
1573	-0.518296713318697
1583	-0.492758200512258
1593	-0.504516316867911
1603	-0.488371285583608
1613	-0.488658438529089
1623	-0.494364813574826
1633	-0.472588339919502
1643	-0.4544183298573
1653	-0.480163463227223
1663	-0.477437224661544
1673	-0.477435901573363
1683	-0.491583970545188
1693	-0.508118087083791
1703	-0.486654622392975
1713	-0.472640899560922
1723	-0.487056516099524
1733	-0.479843174899378
1743	-0.468833222283205
1753	-0.506545751555068
1763	-0.463315076472741
1773	-0.4653226809367
1783	-0.452050747164288
1793	-0.456735577936334
1803	-0.463568252103915
1813	-0.469253638126601
1823	-0.48087602341749
1833	-0.447350100804976
1843	-0.46364618935236
1853	-0.442471870654958
1863	-0.442304209659715
1873	-0.465967466886206
1883	-0.464988440907428
1893	-0.460234933772411
1903	-0.450478232345408
1913	-0.451430316684962
1923	-0.457007816867911
1933	-0.450683418770582
1943	-0.465485891877058
1953	-0.433197948225393
1963	-0.435792907244786
1973	-0.444618330406147
1983	-0.436707346139773
1993	-0.450021072996707
2003	-0.441243337907062
2013	-0.447943950786681
2023	-0.434948467618002
2033	-0.430006673618734
2043	-0.444065974753019
2053	-0.421449221002561
2063	-0.4596926809367
2073	-0.433505727954629
2083	-0.446498805342115
2093	-0.435872347969265
2103	-0.454868392974753
2113	-0.437881154592023
2123	-0.410547580314672
2133	-0.430916842663739
2143	-0.442308659714599
2153	-0.439000479143798
2163	-0.422913970545188
2173	-0.422415677826564
2183	-0.423242858214416
2193	-0.420102098609587
2203	-0.430720315953165
2213	-0.430515009330406
2223	-0.433121033479693
2233	-0.43887322978412
2243	-0.419503918953531
2253	-0.425533164471277
2263	-0.402967049396268
2273	-0.410295186608123
2283	-0.425293639956092
2293	-0.397309449871936
2303	-0.41837629564581
2313	-0.409038750640322
2323	-0.413867727222832
2333	-0.416709126051958
2343	-0.411381856567874
2353	-0.392443369557263
2363	-0.394939944017563
2373	-0.404199310281742
2383	-0.409849152579583
2393	-0.414481602634468
2403	-0.409463075009147
2413	-0.387256760885474
2423	-0.407127847054519
2433	-0.401156694474936
2443	-0.402308612879619
2453	-0.396650772777168
2463	-0.403693981705086
2473	-0.413413815404318
2483	-0.403228583973655
2493	-0.393158755579949
2503	-0.399178077204537
2513	-0.394082755762898
2523	-0.392589922612514
2533	-0.390239961397731
2543	-0.406791021405049
2553	-0.407702212586901
2563	-0.40893002341749
2573	-0.405387731613611
2583	-0.394762781375778
2593	-0.400645292169777
2603	-0.39717257866813
2613	-0.393726024881083
2623	-0.393860851445298
2633	-0.388846474204171
2643	-0.38499171276985
2653	-0.393125439809733
2663	-0.373810680570801
2673	-0.404460363702891
2683	-0.407829582144164
2693	-0.406743633735821
2703	-0.38386084248079
2713	-0.389054126051958
2723	-0.389559755397
2733	-0.400106286864252
2743	-0.400774345407977
2753	-0.395971167947311
2763	-0.405066661909989
2773	-0.392830048481522
2783	-0.381681308818149
2793	-0.383909433040615
2803	-0.377310394621295
2813	-0.369108714233443
2823	-0.380900494145627
2833	-0.385699521587998
2843	-0.373963788510794
2853	-0.37540791072082
2863	-0.408684364983535
2873	-0.400472819978046
2883	-0.38576753622393
2893	-0.392545962678375
2903	-0.391378769849982
2913	-0.387987541895353
2923	-0.367797253567508
2933	-0.34824802542993
2943	-0.369049359312111
2953	-0.3845841064764
2963	-0.376210855470179
2973	-0.374658367178924
2983	-0.385115714599341
2993	-0.373832450054885
3003	-0.38378278503476
3013	-0.383620115440907
3023	-0.380136217160629
3033	-0.387203660263447
3043	-0.388739791620929
3053	-0.385001935967801
3063	-0.397702022136846
3073	-0.376391866995975
3083	-0.385947585437248
3093	-0.376892564946945
3103	-0.378635867178924
3113	-0.38264782546652
3123	-0.379485117270399
3133	-0.383263925905598
3143	-0.376465895170143
3153	-0.36346236169045
3163	-0.365240603183315
3173	-0.374666786315404
3183	-0.380464984266374
3193	-0.389305798207098
3203	-0.378127952616173
3213	-0.368185495975119
3223	-0.382298190815953
3233	-0.375521809549945
3243	-0.370458301500183
3253	-0.375736016282474
3263	-0.359962227039883
3273	-0.384362201975851
3283	-0.376136586717892
3293	-0.349552930845225
3303	-0.369101858580315
3313	-0.377190662458836
3323	-0.389344947127698
3333	-0.375056351628247
3343	-0.376016313391877
3353	-0.374259420417124
3363	-0.385828214050494
3373	-0.373952122027076
3383	-0.379273917306989
3393	-0.393682125137212
3403	-0.387579153677278
3413	-0.400011992682034
3423	-0.380339779729235
3433	-0.376570533113794
3443	-0.387378237102086
3453	-0.37685762550311
3463	-0.382804962678375
3473	-0.37626864690816
3483	-0.393154004756678
3493	-0.373104615806806
3503	-0.382272753018661
3513	-0.377635252835712
3523	-0.373732262349067
3533	-0.367676980241493
3543	-0.38645712349067
3553	-0.386800443834614
3563	-0.39220811489206
3573	-0.395006094401756
3583	-0.386908990486645
3593	-0.382188381266008
3603	-0.382685170325649
3613	-0.392494906695938
3623	-0.378699852542993
3633	-0.392470370837907
3643	-0.381318263629711
3653	-0.381155714233443
3663	-0.382803158616904
3673	-0.392941722283205
3683	-0.379904811196487
3693	-0.382466332967435
3703	-0.386361325832419
3713	-0.376748898463227
3723	-0.387886392060007
3733	-0.373308118368094
3743	-0.375417652762532
3753	-0.38117694255397
3763	-0.385777158068057
3773	-0.392318165020124
3783	-0.374944256860593
3793	-0.38820607866813
3803	-0.38407727442371
3813	-0.393647967435053
3823	-0.380244042078302
3833	-0.37051458927918
3843	-0.384607138675448
3853	-0.404280976033663
3863	-0.373598037138675
3873	-0.377031420600073
3883	-0.372255967069155
3893	-0.369576276802049
3903	-0.375500220453714
3913	-0.374395569886572
3923	-0.379426243505305
3933	-0.377334569520673
3943	-0.380899471825832
3953	-0.387473673984632
3963	-0.385021961580681
3973	-0.379901082693011
3983	-0.381594832235638
3993	-0.37541109787779
4003	-0.370364307720454
4013	-0.360088453896817
4023	-0.368531943285767
4033	-0.368691485912916
4043	-0.373166556531284
4053	-0.370837643615075
4063	-0.368401867727772
4073	-0.366880890962312
4083	-0.372238948408342
4093	-0.378905219356019
4103	-0.361424269849982
4113	-0.373476140139041
4123	-0.370289257226491
4133	-0.366689115075009
4143	-0.364323278265642
4153	-0.381516353823637
4163	-0.388472784851811
4173	-0.367141342846689
4183	-0.372064732345408
4193	-0.379324432125869
4203	-0.376416342663739
4213	-0.380408215331138
4223	-0.384550429930479
4233	-0.392830890413465
4243	-0.383818145444566
4253	-0.368757997072814
4263	-0.35427119356019
4273	-0.353644930296378
4283	-0.373916340651299
4293	-0.357053717160629
4303	-0.372032018111965
4313	-0.360539839736553
4323	-0.361037109952433
4333	-0.363136420965971
4343	-0.364753435967801
4353	-0.365863979875595
4363	-0.366131527808269
4373	-0.372532896450787
4383	-0.373161324734724
4393	-0.372272324185876
4403	-0.361772220636663
4413	-0.363069428649835
4423	-0.375938255945847
4433	-0.367787571533114
4443	-0.360169879070618
4453	-0.366704089096231
4463	-0.35852255525064
4473	-0.362495905232345
4483	-0.356796632821076
4493	-0.359515171057446
4503	-0.368815126966703
4513	-0.372883493230882
4523	-0.363789505305525
4533	-0.353021673801683
4543	-0.368011340102451
4553	-0.372925769301134
4563	-0.371240679473106
4573	-0.380115109037687
4583	-0.362050352725942
4593	-0.371013302780827
4603	-0.368974849981705
4613	-0.372060402488108
4623	-0.363602299670692
4633	-0.368829499634102
4643	-0.377148626966703
4653	-0.367268411635565
4663	-0.370372486461764
4673	-0.366428302414929
4683	-0.376954205085986
4693	-0.351863622210026
4703	-0.363153860592755
4713	-0.370725909623125
4723	-0.368211053969996
4733	-0.365257621844127
4743	-0.359837623856568
4753	-0.353753296560556
4763	-0.359105760702525
4773	-0.349909421148921
4783	-0.363655821441639
4793	-0.357429932125869
4803	-0.36318585327479
4813	-0.366028152945481
4823	-0.36910288090011
4833	-0.35475709787779
4843	-0.349553051225759
4853	-0.354806109220637
4863	-0.358553465422613
4873	-0.356085456641054
4883	-0.370272960117087
4893	-0.360792113062569
4903	-0.354389963410172
4913	-0.355848458104647
4923	-0.368457313757775
4933	-0.369429904134651
4943	-0.368790591108672
4953	-0.364974979509696
4963	-0.364431644529821
4973	-0.361261359678009
4983	-0.363340464690816
4993	-0.361056954994511
5003	-0.369560460848884
5013	-0.366970314123674
5023	-0.366315185327479
5033	-0.364104501097695
5043	-0.358753961214782
5053	-0.367908085437248
5063	-0.366930443651665
5073	-0.366900856384925
5083	-0.375417231796561
5093	-0.367572883644347
5103	-0.36692761708745
5113	-0.355477114160263
5123	-0.361671491767289
5133	-0.346065184778632
5143	-0.363590994145628
5153	-0.361526381814855
5163	-0.370284927369191
5173	-0.348248747164288
5183	-0.35442051280644
5193	-0.359068355653128
5203	-0.345123745334797
5213	-0.34723526381266
5223	-0.358714932491767
5233	-0.363701344859129
5243	-0.356105782839371
5253	-0.348190775338456
5263	-0.352342309915843
5273	-0.36087197457007
5283	-0.350122906147091
5293	-0.354123197219173
5303	-0.351436832235638
5313	-0.369845448591292
5323	-0.363372216794731
5333	-0.368081158799854
5343	-0.353575712952799
5353	-0.359920432125869
5363	-0.36106038291255
5373	-0.353291086169045
5383	-0.358873633186974
5393	-0.356108188254665
5403	-0.350123206915477
5413	-0.350276735821442
5423	-0.356533955909257
5433	-0.364016100256129
5443	-0.357668554518844
5453	-0.354767922429565
5463	-0.356282043358946
5473	-0.357142358580315
5483	-0.347483628247347
5493	-0.342426916758141
5503	-0.348986383461398
5513	-0.367728096414197
5523	-0.367010485547018
5533	-0.354268487376509
5543	-0.353810185876326
5553	-0.341450056897183
5563	-0.345871605012806
5573	-0.340362605744603
5583	-0.3512231064764
5593	-0.360570329125503
5603	-0.349247436699597
5613	-0.343937609952433
5623	-0.347599210940359
5633	-0.349911585986096
5643	-0.342862606842298
5653	-0.339973401207464
5663	-0.354687880534211
5673	-0.354922593852909
5683	-0.343874285949506
5693	-0.341015328942554
5703	-0.344864135382364
5713	-0.341180283754116
5723	-0.335671405049396
5733	-0.348506071899012
5743	-0.34671977241127
5753	-0.358271905598244
5763	-0.352802475667764
5773	-0.339762261434321
5783	-0.333712453530918
5793	-0.332490115806806
5803	-0.335605735821442
5813	-0.342314821990487
5823	-0.353960287047201
5833	-0.353783064215148
5843	-0.340824094401756
5853	-0.343730619465789
5863	-0.350281967618002
5873	-0.354667975301866
5883	-0.344804720453714
5893	-0.351261233077205
5903	-0.339045251920966
5913	-0.339187655689718
5923	-0.340031252652763
5933	-0.340809300768386
5943	-0.342623383278449
5953	-0.339938040797658
5963	-0.342767530918405
