# cobalt, lattice heat capacity from spin-resolved DFT, calculations by Jan Vorberger
# T [K] 	   c_p [J/(m^3K)]
   1.7501251e+00   3.0985403e+01
   3.2503752e+00   1.1657926e+02
   4.7506253e+00   3.2050836e+02
   6.2508754e+00   6.9595949e+02
   7.7511256e+00   1.2952611e+03
   9.2513757e+00   2.1735996e+03
   1.0751626e+01   3.3947951e+03
   1.2251876e+01   5.0383613e+03
   1.3752126e+01   7.2084984e+03
   1.5252376e+01   1.0043502e+04
   1.6752626e+01   1.3721238e+04
   1.8252876e+01   1.8457109e+04
   1.9753127e+01   2.4494149e+04
   2.1253377e+01   3.2087733e+04
   2.2753627e+01   4.1488508e+04
   2.4253877e+01   5.2926687e+04
   2.5754127e+01   6.6599675e+04
   2.7254377e+01   8.2663811e+04
   2.8754627e+01   1.0123011e+05
   3.0254877e+01   1.2236338e+05
   3.1755128e+01   1.4608400e+05
   3.3255378e+01   1.7237139e+05
   3.4755628e+01   2.0116871e+05
   3.6255878e+01   2.3238804e+05
   3.7756128e+01   2.6591574e+05
   3.9256378e+01   3.0161765e+05
   4.0756628e+01   3.3934403e+05
   4.2256878e+01   3.7893401e+05
   4.3757129e+01   4.2021952e+05
   4.5257379e+01   4.6302884e+05
   4.6757629e+01   5.0718943e+05
   4.8257879e+01   5.5253054e+05
   4.9758129e+01   5.9888511e+05
   5.1258379e+01   6.4609148e+05
   5.2758629e+01   6.9399465e+05
   5.4258879e+01   7.4244719e+05
   5.5759130e+01   7.9130991e+05
   5.7259380e+01   8.4045236e+05
   5.8759630e+01   8.8975300e+05
   6.0259880e+01   9.3909935e+05
   6.1760130e+01   9.8838785e+05
   6.3260380e+01   1.0375238e+06
   6.4760630e+01   1.0864209e+06
   6.6260880e+01   1.1350012e+06
   6.7761131e+01   1.1831947e+06
   6.9261381e+01   1.2309386e+06
   7.0761631e+01   1.2781773e+06
   7.2261881e+01   1.3248619e+06
   7.3762131e+01   1.3709495e+06
   7.5262381e+01   1.4164030e+06
   7.6762631e+01   1.4611905e+06
   7.8262881e+01   1.5052853e+06
   7.9763132e+01   1.5486648e+06
   8.1263382e+01   1.5913109e+06
   8.2763632e+01   1.6332089e+06
   8.4263882e+01   1.6743478e+06
   8.5764132e+01   1.7147195e+06
   8.7264382e+01   1.7543189e+06
   8.8764632e+01   1.7931431e+06
   9.0264882e+01   1.8311917e+06
   9.1765133e+01   1.8684664e+06
   9.3265383e+01   1.9049703e+06
   9.4765633e+01   1.9407084e+06
   9.6265883e+01   1.9756870e+06
   9.7766133e+01   2.0099137e+06
   9.9266383e+01   2.0433970e+06
   1.0076663e+02   2.0761464e+06
   1.0226688e+02   2.1081723e+06
   1.0376713e+02   2.1394856e+06
   1.0526738e+02   2.1700979e+06
   1.0676763e+02   2.2000211e+06
   1.0826788e+02   2.2292677e+06
   1.0976813e+02   2.2578503e+06
   1.1126838e+02   2.2857819e+06
   1.1276863e+02   2.3130755e+06
   1.1426888e+02   2.3397444e+06
   1.1576913e+02   2.3658018e+06
   1.1726938e+02   2.3912609e+06
   1.1876963e+02   2.4161352e+06
   1.2026988e+02   2.4404376e+06
   1.2177014e+02   2.4641815e+06
   1.2327039e+02   2.4873796e+06
   1.2477064e+02   2.5100451e+06
   1.2627089e+02   2.5321904e+06
   1.2777114e+02   2.5538283e+06
   1.2927139e+02   2.5749709e+06
   1.3077164e+02   2.5956305e+06
   1.3227189e+02   2.6158190e+06
   1.3377214e+02   2.6355481e+06
   1.3527239e+02   2.6548294e+06
   1.3677264e+02   2.6736739e+06
   1.3827289e+02   2.6920929e+06
   1.3977314e+02   2.7100971e+06
   1.4127339e+02   2.7276970e+06
   1.4277364e+02   2.7449029e+06
   1.4427389e+02   2.7617249e+06
   1.4577414e+02   2.7781729e+06
   1.4727439e+02   2.7942564e+06
   1.4877464e+02   2.8099847e+06
   1.5027489e+02   2.8253671e+06
   1.5177514e+02   2.8404124e+06
   1.5327539e+02   2.8551292e+06
   1.5477564e+02   2.8695260e+06
   1.5627589e+02   2.8836111e+06
   1.5777614e+02   2.8973924e+06
   1.5927639e+02   2.9108777e+06
   1.6077664e+02   2.9240746e+06
   1.6227689e+02   2.9369905e+06
   1.6377714e+02   2.9496325e+06
   1.6527739e+02   2.9620077e+06
   1.6677764e+02   2.9741228e+06
   1.6827789e+02   2.9859845e+06
   1.6977814e+02   2.9975991e+06
   1.7127839e+02   3.0089729e+06
   1.7277864e+02   3.0201121e+06
   1.7427889e+02   3.0310224e+06
   1.7577914e+02   3.0417097e+06
   1.7727939e+02   3.0521796e+06
   1.7877964e+02   3.0624373e+06
   1.8027989e+02   3.0724884e+06
   1.8178014e+02   3.0823378e+06
   1.8328039e+02   3.0919905e+06
   1.8478064e+02   3.1014515e+06
   1.8628089e+02   3.1107254e+06
   1.8778114e+02   3.1198168e+06
   1.8928139e+02   3.1287302e+06
   1.9078164e+02   3.1374699e+06
   1.9228189e+02   3.1460401e+06
   1.9378214e+02   3.1544449e+06
   1.9528239e+02   3.1626883e+06
   1.9678264e+02   3.1707741e+06
   1.9828289e+02   3.1787062e+06
   1.9978314e+02   3.1864881e+06
   2.0128339e+02   3.1941236e+06
   2.0278364e+02   3.2016159e+06
   2.0428389e+02   3.2089685e+06
   2.0578414e+02   3.2161847e+06
   2.0728439e+02   3.2232676e+06
   2.0878464e+02   3.2302203e+06
   2.1028489e+02   3.2370460e+06
   2.1178514e+02   3.2437474e+06
   2.1328539e+02   3.2503275e+06
   2.1478564e+02   3.2567890e+06
   2.1628589e+02   3.2631346e+06
   2.1778614e+02   3.2693670e+06
   2.1928639e+02   3.2754888e+06
   2.2078664e+02   3.2815023e+06
   2.2228689e+02   3.2874102e+06
   2.2378714e+02   3.2932146e+06
   2.2528739e+02   3.2989179e+06
   2.2678764e+02   3.3045224e+06
   2.2828789e+02   3.3100303e+06
   2.2978814e+02   3.3154436e+06
   2.3128839e+02   3.3207644e+06
   2.3278864e+02   3.3259948e+06
   2.3428889e+02   3.3311367e+06
   2.3578914e+02   3.3361920e+06
   2.3728939e+02   3.3411625e+06
   2.3878964e+02   3.3460502e+06
   2.4028989e+02   3.3508568e+06
   2.4179015e+02   3.3555839e+06
   2.4329040e+02   3.3602333e+06
   2.4479065e+02   3.3648067e+06
   2.4629090e+02   3.3693055e+06
   2.4779115e+02   3.3737314e+06
   2.4929140e+02   3.3780859e+06
   2.5079165e+02   3.3823705e+06
   2.5229190e+02   3.3865865e+06
   2.5379215e+02   3.3907355e+06
   2.5529240e+02   3.3948188e+06
   2.5679265e+02   3.3988376e+06
   2.5829290e+02   3.4027935e+06
   2.5979315e+02   3.4066875e+06
   2.6129340e+02   3.4105210e+06
   2.6279365e+02   3.4142951e+06
   2.6429390e+02   3.4180111e+06
   2.6579415e+02   3.4216701e+06
   2.6729440e+02   3.4252732e+06
   2.6879465e+02   3.4288216e+06
   2.7029490e+02   3.4323163e+06
   2.7179515e+02   3.4357583e+06
   2.7329540e+02   3.4391487e+06
   2.7479565e+02   3.4424885e+06
   2.7629590e+02   3.4457787e+06
   2.7779615e+02   3.4490201e+06
   2.7929640e+02   3.4522139e+06
   2.8079665e+02   3.4553607e+06
   2.8229690e+02   3.4584617e+06
   2.8379715e+02   3.4615175e+06
   2.8529740e+02   3.4645291e+06
   2.8679765e+02   3.4674973e+06
   2.8829790e+02   3.4704229e+06
   2.8979815e+02   3.4733067e+06
   2.9129840e+02   3.4761495e+06
   2.9279865e+02   3.4789520e+06
   2.9429890e+02   3.4817150e+06
   2.9579915e+02   3.4844392e+06
   2.9729940e+02   3.4871253e+06
   2.9879965e+02   3.4897740e+06
   3.0029990e+02   3.4923860e+06
   3.0180015e+02   3.4949619e+06
   3.0330040e+02   3.4975023e+06
   3.0480065e+02   3.5000080e+06
   3.0630090e+02   3.5024796e+06
   3.0780115e+02   3.5049175e+06
   3.0930140e+02   3.5073225e+06
   3.1080165e+02   3.5096951e+06
   3.1230190e+02   3.5120359e+06
   3.1380215e+02   3.5143455e+06
   3.1530240e+02   3.5166243e+06
   3.1680265e+02   3.5188729e+06
   3.1830290e+02   3.5210919e+06
   3.1980315e+02   3.5232817e+06
   3.2130340e+02   3.5254428e+06
   3.2280365e+02   3.5275758e+06
   3.2430390e+02   3.5296811e+06
   3.2580415e+02   3.5317592e+06
   3.2730440e+02   3.5338105e+06
   3.2880465e+02   3.5358355e+06
   3.3030490e+02   3.5378347e+06
   3.3180515e+02   3.5398084e+06
   3.3330540e+02   3.5417571e+06
   3.3480565e+02   3.5436811e+06
   3.3630590e+02   3.5455810e+06
   3.3780615e+02   3.5474571e+06
   3.3930640e+02   3.5493098e+06
   3.4080665e+02   3.5511394e+06
   3.4230690e+02   3.5529464e+06
   3.4380715e+02   3.5547312e+06
   3.4530740e+02   3.5564939e+06
   3.4680765e+02   3.5582351e+06
   3.4830790e+02   3.5599551e+06
   3.4980815e+02   3.5616542e+06
   3.5130840e+02   3.5633327e+06
   3.5280865e+02   3.5649910e+06
   3.5430890e+02   3.5666294e+06
   3.5580915e+02   3.5682482e+06
   3.5730940e+02   3.5698477e+06
   3.5880965e+02   3.5714281e+06
   3.6030990e+02   3.5729899e+06
   3.6181016e+02   3.5745333e+06
   3.6331041e+02   3.5760586e+06
   3.6481066e+02   3.5775660e+06
   3.6631091e+02   3.5790558e+06
   3.6781116e+02   3.5805283e+06
   3.6931141e+02   3.5819838e+06
   3.7081166e+02   3.5834226e+06
   3.7231191e+02   3.5848447e+06
   3.7381216e+02   3.5862506e+06
   3.7531241e+02   3.5876405e+06
   3.7681266e+02   3.5890146e+06
   3.7831291e+02   3.5903731e+06
   3.7981316e+02   3.5917163e+06
   3.8131341e+02   3.5930444e+06
   3.8281366e+02   3.5943576e+06
   3.8431391e+02   3.5956561e+06
   3.8581416e+02   3.5969402e+06
   3.8731441e+02   3.5982101e+06
   3.8881466e+02   3.5994660e+06
   3.9031491e+02   3.6007080e+06
   3.9181516e+02   3.6019364e+06
   3.9331541e+02   3.6031513e+06
   3.9481566e+02   3.6043531e+06
   3.9631591e+02   3.6055417e+06
   3.9781616e+02   3.6067176e+06
   3.9931641e+02   3.6078807e+06
   4.0081666e+02   3.6090314e+06
   4.0231691e+02   3.6101697e+06
   4.0381716e+02   3.6112959e+06
   4.0531741e+02   3.6124101e+06
   4.0681766e+02   3.6135125e+06
   4.0831791e+02   3.6146032e+06
   4.0981816e+02   3.6156825e+06
   4.1131841e+02   3.6167504e+06
   4.1281866e+02   3.6178072e+06
   4.1431891e+02   3.6188529e+06
   4.1581916e+02   3.6198878e+06
   4.1731941e+02   3.6209120e+06
   4.1881966e+02   3.6219256e+06
   4.2031991e+02   3.6229288e+06
   4.2182016e+02   3.6239217e+06
   4.2332041e+02   3.6249044e+06
   4.2482066e+02   3.6258772e+06
   4.2632091e+02   3.6268400e+06
   4.2782116e+02   3.6277931e+06
   4.2932141e+02   3.6287367e+06
   4.3082166e+02   3.6296707e+06
   4.3232191e+02   3.6305953e+06
   4.3382216e+02   3.6315107e+06
   4.3532241e+02   3.6324170e+06
   4.3682266e+02   3.6333144e+06
   4.3832291e+02   3.6342028e+06
   4.3982316e+02   3.6350824e+06
   4.4132341e+02   3.6359535e+06
   4.4282366e+02   3.6368159e+06
   4.4432391e+02   3.6376700e+06
   4.4582416e+02   3.6385157e+06
   4.4732441e+02   3.6393532e+06
   4.4882466e+02   3.6401827e+06
   4.5032491e+02   3.6410041e+06
   4.5182516e+02   3.6418176e+06
   4.5332541e+02   3.6426233e+06
   4.5482566e+02   3.6434213e+06
   4.5632591e+02   3.6442117e+06
   4.5782616e+02   3.6449946e+06
   4.5932641e+02   3.6457700e+06
   4.6082666e+02   3.6465382e+06
   4.6232691e+02   3.6472991e+06
   4.6382716e+02   3.6480529e+06
   4.6532741e+02   3.6487996e+06
   4.6682766e+02   3.6495393e+06
   4.6832791e+02   3.6502722e+06
   4.6982816e+02   3.6509983e+06
   4.7132841e+02   3.6517176e+06
   4.7282866e+02   3.6524304e+06
   4.7432891e+02   3.6531365e+06
   4.7582916e+02   3.6538362e+06
   4.7732941e+02   3.6545295e+06
   4.7882966e+02   3.6552165e+06
   4.8032991e+02   3.6558973e+06
   4.8183017e+02   3.6565719e+06
   4.8333042e+02   3.6572403e+06
   4.8483067e+02   3.6579028e+06
   4.8633092e+02   3.6585593e+06
   4.8783117e+02   3.6592100e+06
   4.8933142e+02   3.6598548e+06
   4.9083167e+02   3.6604939e+06
   4.9233192e+02   3.6611273e+06
   4.9383217e+02   3.6617551e+06
   4.9533242e+02   3.6623774e+06
   4.9683267e+02   3.6629942e+06
   4.9833292e+02   3.6636056e+06
   4.9983317e+02   3.6642116e+06
   5.0133342e+02   3.6648124e+06
   5.0283367e+02   3.6654079e+06
   5.0433392e+02   3.6659983e+06
   5.0583417e+02   3.6665835e+06
   5.0733442e+02   3.6671637e+06
   5.0883467e+02   3.6677389e+06
   5.1033492e+02   3.6683092e+06
   5.1183517e+02   3.6688746e+06
   5.1333542e+02   3.6694351e+06
   5.1483567e+02   3.6699909e+06
   5.1633592e+02   3.6705420e+06
   5.1783617e+02   3.6710884e+06
   5.1933642e+02   3.6716303e+06
   5.2083667e+02   3.6721675e+06
   5.2233692e+02   3.6727002e+06
   5.2383717e+02   3.6732285e+06
   5.2533742e+02   3.6737524e+06
   5.2683767e+02   3.6742719e+06
   5.2833792e+02   3.6747871e+06
   5.2983817e+02   3.6752980e+06
   5.3133842e+02   3.6758047e+06
   5.3283867e+02   3.6763073e+06
   5.3433892e+02   3.6768057e+06
   5.3583917e+02   3.6773000e+06
   5.3733942e+02   3.6777903e+06
   5.3883967e+02   3.6782766e+06
   5.4033992e+02   3.6787589e+06
   5.4184017e+02   3.6792373e+06
   5.4334042e+02   3.6797119e+06
   5.4484067e+02   3.6801826e+06
   5.4634092e+02   3.6806496e+06
   5.4784117e+02   3.6811128e+06
   5.4934142e+02   3.6815723e+06
   5.5084167e+02   3.6820281e+06
   5.5234192e+02   3.6824803e+06
   5.5384217e+02   3.6829289e+06
   5.5534242e+02   3.6833740e+06
   5.5684267e+02   3.6838156e+06
   5.5834292e+02   3.6842536e+06
   5.5984317e+02   3.6846883e+06
   5.6134342e+02   3.6851195e+06
   5.6284367e+02   3.6855473e+06
   5.6434392e+02   3.6859718e+06
   5.6584417e+02   3.6863931e+06
   5.6734442e+02   3.6868110e+06
   5.6884467e+02   3.6872257e+06
   5.7034492e+02   3.6876372e+06
   5.7184517e+02   3.6880456e+06
   5.7334542e+02   3.6884508e+06
   5.7484567e+02   3.6888529e+06
   5.7634592e+02   3.6892519e+06
   5.7784617e+02   3.6896479e+06
   5.7934642e+02   3.6900409e+06
   5.8084667e+02   3.6904309e+06
   5.8234692e+02   3.6908179e+06
   5.8384717e+02   3.6912021e+06
   5.8534742e+02   3.6915833e+06
   5.8684767e+02   3.6919617e+06
   5.8834792e+02   3.6923372e+06
   5.8984817e+02   3.6927099e+06
   5.9134842e+02   3.6930799e+06
   5.9284867e+02   3.6934471e+06
   5.9434892e+02   3.6938116e+06
   5.9584917e+02   3.6941733e+06
   5.9734942e+02   3.6945324e+06
   5.9884967e+02   3.6948889e+06
   6.0034992e+02   3.6952428e+06
   6.0185018e+02   3.6955940e+06
   6.0335043e+02   3.6959427e+06
   6.0485068e+02   3.6962888e+06
   6.0635093e+02   3.6966324e+06
   6.0785118e+02   3.6969736e+06
   6.0935143e+02   3.6973122e+06
   6.1085168e+02   3.6976484e+06
   6.1235193e+02   3.6979822e+06
   6.1385218e+02   3.6983136e+06
   6.1535243e+02   3.6986426e+06
   6.1685268e+02   3.6989692e+06
   6.1835293e+02   3.6992935e+06
   6.1985318e+02   3.6996155e+06
   6.2135343e+02   3.6999352e+06
   6.2285368e+02   3.7002527e+06
   6.2435393e+02   3.7005679e+06
   6.2585418e+02   3.7008809e+06
   6.2735443e+02   3.7011916e+06
   6.2885468e+02   3.7015002e+06
   6.3035493e+02   3.7018066e+06
   6.3185518e+02   3.7021109e+06
   6.3335543e+02   3.7024131e+06
   6.3485568e+02   3.7027131e+06
   6.3635593e+02   3.7030111e+06
   6.3785618e+02   3.7033070e+06
   6.3935643e+02   3.7036009e+06
   6.4085668e+02   3.7038927e+06
   6.4235693e+02   3.7041825e+06
   6.4385718e+02   3.7044703e+06
   6.4535743e+02   3.7047562e+06
   6.4685768e+02   3.7050401e+06
   6.4835793e+02   3.7053221e+06
   6.4985818e+02   3.7056021e+06
   6.5135843e+02   3.7058802e+06
   6.5285868e+02   3.7061565e+06
   6.5435893e+02   3.7064309e+06
   6.5585918e+02   3.7067034e+06
   6.5735943e+02   3.7069741e+06
   6.5885968e+02   3.7072430e+06
   6.6035993e+02   3.7075101e+06
   6.6186018e+02   3.7077754e+06
   6.6336043e+02   3.7080389e+06
   6.6486068e+02   3.7083007e+06
   6.6636093e+02   3.7085607e+06
   6.6786118e+02   3.7088190e+06
   6.6936143e+02   3.7090756e+06
   6.7086168e+02   3.7093305e+06
   6.7236193e+02   3.7095838e+06
   6.7386218e+02   3.7098353e+06
   6.7536243e+02   3.7100852e+06
   6.7686268e+02   3.7103335e+06
   6.7836293e+02   3.7105802e+06
   6.7986318e+02   3.7108252e+06
   6.8136343e+02   3.7110687e+06
   6.8286368e+02   3.7113105e+06
   6.8436393e+02   3.7115508e+06
   6.8586418e+02   3.7117896e+06
   6.8736443e+02   3.7120268e+06
   6.8886468e+02   3.7122625e+06
   6.9036493e+02   3.7124967e+06
   6.9186518e+02   3.7127294e+06
   6.9336543e+02   3.7129605e+06
   6.9486568e+02   3.7131903e+06
   6.9636593e+02   3.7134185e+06
   6.9786618e+02   3.7136453e+06
   6.9936643e+02   3.7138707e+06
   7.0086668e+02   3.7140946e+06
   7.0236693e+02   3.7143171e+06
   7.0386718e+02   3.7145383e+06
   7.0536743e+02   3.7147580e+06
   7.0686768e+02   3.7149763e+06
   7.0836793e+02   3.7151933e+06
   7.0986818e+02   3.7154090e+06
   7.1136843e+02   3.7156232e+06
   7.1286868e+02   3.7158362e+06
   7.1436893e+02   3.7160478e+06
   7.1586918e+02   3.7162581e+06
   7.1736943e+02   3.7164671e+06
   7.1886968e+02   3.7166749e+06
   7.2036993e+02   3.7168813e+06
   7.2187019e+02   3.7170865e+06
   7.2337044e+02   3.7172904e+06
   7.2487069e+02   3.7174931e+06
   7.2637094e+02   3.7176945e+06
   7.2787119e+02   3.7178947e+06
   7.2937144e+02   3.7180937e+06
   7.3087169e+02   3.7182915e+06
   7.3237194e+02   3.7184881e+06
   7.3387219e+02   3.7186834e+06
   7.3537244e+02   3.7188776e+06
   7.3687269e+02   3.7190707e+06
   7.3837294e+02   3.7192626e+06
   7.3987319e+02   3.7194533e+06
   7.4137344e+02   3.7196429e+06
   7.4287369e+02   3.7198313e+06
   7.4437394e+02   3.7200186e+06
   7.4587419e+02   3.7202048e+06
   7.4737444e+02   3.7203899e+06
   7.4887469e+02   3.7205739e+06
   7.5037494e+02   3.7207569e+06
   7.5187519e+02   3.7209387e+06
   7.5337544e+02   3.7211195e+06
   7.5487569e+02   3.7212992e+06
   7.5637594e+02   3.7214778e+06
   7.5787619e+02   3.7216554e+06
   7.5937644e+02   3.7218319e+06
   7.6087669e+02   3.7220075e+06
   7.6237694e+02   3.7221820e+06
   7.6387719e+02   3.7223555e+06
   7.6537744e+02   3.7225279e+06
   7.6687769e+02   3.7226994e+06
   7.6837794e+02   3.7228699e+06
   7.6987819e+02   3.7230394e+06
   7.7137844e+02   3.7232079e+06
   7.7287869e+02   3.7233755e+06
   7.7437894e+02   3.7235421e+06
   7.7587919e+02   3.7237077e+06
   7.7737944e+02   3.7238724e+06
   7.7887969e+02   3.7240362e+06
   7.8037994e+02   3.7241990e+06
   7.8188019e+02   3.7243609e+06
   7.8338044e+02   3.7245218e+06
   7.8488069e+02   3.7246819e+06
   7.8638094e+02   3.7248411e+06
   7.8788119e+02   3.7249993e+06
   7.8938144e+02   3.7251567e+06
   7.9088169e+02   3.7253132e+06
   7.9238194e+02   3.7254688e+06
   7.9388219e+02   3.7256235e+06
   7.9538244e+02   3.7257774e+06
   7.9688269e+02   3.7259304e+06
   7.9838294e+02   3.7260825e+06
   7.9988319e+02   3.7262338e+06
   8.0138344e+02   3.7263843e+06
   8.0288369e+02   3.7265339e+06
   8.0438394e+02   3.7266827e+06
   8.0588419e+02   3.7268307e+06
   8.0738444e+02   3.7269779e+06
   8.0888469e+02   3.7271242e+06
   8.1038494e+02   3.7272698e+06
   8.1188519e+02   3.7274145e+06
   8.1338544e+02   3.7275585e+06
   8.1488569e+02   3.7277017e+06
   8.1638594e+02   3.7278441e+06
   8.1788619e+02   3.7279857e+06
   8.1938644e+02   3.7281266e+06
   8.2088669e+02   3.7282666e+06
   8.2238694e+02   3.7284060e+06
   8.2388719e+02   3.7285446e+06
   8.2538744e+02   3.7286824e+06
   8.2688769e+02   3.7288195e+06
   8.2838794e+02   3.7289558e+06
   8.2988819e+02   3.7290914e+06
   8.3138844e+02   3.7292263e+06
   8.3288869e+02   3.7293605e+06
   8.3438894e+02   3.7294940e+06
   8.3588919e+02   3.7296267e+06
   8.3738944e+02   3.7297588e+06
   8.3888969e+02   3.7298901e+06
   8.4038994e+02   3.7300207e+06
   8.4189020e+02   3.7301507e+06
   8.4339045e+02   3.7302800e+06
   8.4489070e+02   3.7304085e+06
   8.4639095e+02   3.7305364e+06
   8.4789120e+02   3.7306637e+06
   8.4939145e+02   3.7307902e+06
   8.5089170e+02   3.7309162e+06
   8.5239195e+02   3.7310414e+06
   8.5389220e+02   3.7311660e+06
   8.5539245e+02   3.7312899e+06
   8.5689270e+02   3.7314132e+06
   8.5839295e+02   3.7315359e+06
   8.5989320e+02   3.7316579e+06
   8.6139345e+02   3.7317793e+06
   8.6289370e+02   3.7319001e+06
   8.6439395e+02   3.7320202e+06
   8.6589420e+02   3.7321397e+06
   8.6739445e+02   3.7322587e+06
   8.6889470e+02   3.7323770e+06
   8.7039495e+02   3.7324947e+06
   8.7189520e+02   3.7326117e+06
   8.7339545e+02   3.7327282e+06
   8.7489570e+02   3.7328441e+06
   8.7639595e+02   3.7329595e+06
   8.7789620e+02   3.7330742e+06
   8.7939645e+02   3.7331883e+06
   8.8089670e+02   3.7333019e+06
   8.8239695e+02   3.7334149e+06
   8.8389720e+02   3.7335273e+06
   8.8539745e+02   3.7336392e+06
   8.8689770e+02   3.7337505e+06
   8.8839795e+02   3.7338612e+06
   8.8989820e+02   3.7339714e+06
   8.9139845e+02   3.7340810e+06
   8.9289870e+02   3.7341901e+06
   8.9439895e+02   3.7342987e+06
   8.9589920e+02   3.7344067e+06
   8.9739945e+02   3.7345141e+06
   8.9889970e+02   3.7346211e+06
   9.0039995e+02   3.7347275e+06
   9.0190020e+02   3.7348333e+06
   9.0340045e+02   3.7349387e+06
   9.0490070e+02   3.7350435e+06
   9.0640095e+02   3.7351478e+06
   9.0790120e+02   3.7352516e+06
   9.0940145e+02   3.7353549e+06
   9.1090170e+02   3.7354577e+06
   9.1240195e+02   3.7355600e+06
   9.1390220e+02   3.7356618e+06
   9.1540245e+02   3.7357631e+06
   9.1690270e+02   3.7358639e+06
   9.1840295e+02   3.7359642e+06
   9.1990320e+02   3.7360640e+06
   9.2140345e+02   3.7361634e+06
   9.2290370e+02   3.7362622e+06
   9.2440395e+02   3.7363606e+06
   9.2590420e+02   3.7364585e+06
   9.2740445e+02   3.7365559e+06
   9.2890470e+02   3.7366529e+06
   9.3040495e+02   3.7367494e+06
   9.3190520e+02   3.7368455e+06
   9.3340545e+02   3.7369410e+06
   9.3490570e+02   3.7370362e+06
   9.3640595e+02   3.7371308e+06
   9.3790620e+02   3.7372251e+06
   9.3940645e+02   3.7373188e+06
   9.4090670e+02   3.7374122e+06
   9.4240695e+02   3.7375051e+06
   9.4390720e+02   3.7375975e+06
   9.4540745e+02   3.7376895e+06
   9.4690770e+02   3.7377811e+06
   9.4840795e+02   3.7378723e+06
   9.4990820e+02   3.7379630e+06
   9.5140845e+02   3.7380533e+06
   9.5290870e+02   3.7381431e+06
   9.5440895e+02   3.7382326e+06
   9.5590920e+02   3.7383216e+06
   9.5740945e+02   3.7384102e+06
   9.5890970e+02   3.7384984e+06
   9.6040995e+02   3.7385862e+06
   9.6191021e+02   3.7386736e+06
   9.6341046e+02   3.7387606e+06
   9.6491071e+02   3.7388472e+06
   9.6641096e+02   3.7389334e+06
   9.6791121e+02   3.7390192e+06
   9.6941146e+02   3.7391045e+06
   9.7091171e+02   3.7391895e+06
   9.7241196e+02   3.7392741e+06
   9.7391221e+02   3.7393584e+06
   9.7541246e+02   3.7394422e+06
   9.7691271e+02   3.7395256e+06
   9.7841296e+02   3.7396087e+06
   9.7991321e+02   3.7396914e+06
   9.8141346e+02   3.7397737e+06
   9.8291371e+02   3.7398556e+06
   9.8441396e+02   3.7399372e+06
   9.8591421e+02   3.7400184e+06
   9.8741446e+02   3.7400992e+06
   9.8891471e+02   3.7401797e+06
   9.9041496e+02   3.7402598e+06
   9.9191521e+02   3.7403396e+06
   9.9341546e+02   3.7404189e+06
   9.9491571e+02   3.7404980e+06
   9.9641596e+02   3.7405766e+06
   9.9791621e+02   3.7406550e+06
   9.9941646e+02   3.7407329e+06
   1.0009167e+03   3.7408105e+06
   1.0024170e+03   3.7408878e+06
   1.0039172e+03   3.7409648e+06
   1.0054175e+03   3.7410413e+06
   1.0069177e+03   3.7411176e+06
   1.0084180e+03   3.7411935e+06
   1.0099182e+03   3.7412691e+06
   1.0114185e+03   3.7413443e+06
   1.0129187e+03   3.7414192e+06
   1.0144190e+03   3.7414938e+06
   1.0159192e+03   3.7415681e+06
   1.0174195e+03   3.7416420e+06
   1.0189197e+03   3.7417156e+06
   1.0204200e+03   3.7417889e+06
   1.0219202e+03   3.7418618e+06
   1.0234205e+03   3.7419345e+06
   1.0249207e+03   3.7420068e+06
   1.0264210e+03   3.7420788e+06
   1.0279212e+03   3.7421505e+06
   1.0294215e+03   3.7422219e+06
   1.0309217e+03   3.7422930e+06
   1.0324220e+03   3.7423638e+06
   1.0339222e+03   3.7424342e+06
   1.0354225e+03   3.7425044e+06
   1.0369227e+03   3.7425742e+06
   1.0384230e+03   3.7426438e+06
   1.0399232e+03   3.7427130e+06
   1.0414235e+03   3.7427820e+06
   1.0429237e+03   3.7428507e+06
   1.0444240e+03   3.7429190e+06
   1.0459242e+03   3.7429871e+06
   1.0474245e+03   3.7430549e+06
   1.0489247e+03   3.7431224e+06
   1.0504250e+03   3.7431896e+06
   1.0519252e+03   3.7432565e+06
   1.0534255e+03   3.7433232e+06
   1.0549257e+03   3.7433895e+06
   1.0564260e+03   3.7434556e+06
   1.0579262e+03   3.7435214e+06
   1.0594265e+03   3.7435869e+06
   1.0609267e+03   3.7436522e+06
   1.0624270e+03   3.7437172e+06
   1.0639272e+03   3.7437819e+06
   1.0654275e+03   3.7438463e+06
   1.0669277e+03   3.7439104e+06
   1.0684280e+03   3.7439743e+06
   1.0699282e+03   3.7440379e+06
   1.0714285e+03   3.7441013e+06
   1.0729287e+03   3.7441644e+06
   1.0744290e+03   3.7442272e+06
   1.0759292e+03   3.7442898e+06
   1.0774295e+03   3.7443521e+06
   1.0789297e+03   3.7444142e+06
   1.0804300e+03   3.7444759e+06
   1.0819302e+03   3.7445375e+06
   1.0834305e+03   3.7445988e+06
   1.0849307e+03   3.7446598e+06
   1.0864310e+03   3.7447206e+06
   1.0879312e+03   3.7447811e+06
   1.0894315e+03   3.7448414e+06
   1.0909317e+03   3.7449014e+06
   1.0924320e+03   3.7449612e+06
   1.0939322e+03   3.7450208e+06
   1.0954325e+03   3.7450801e+06
   1.0969327e+03   3.7451391e+06
   1.0984330e+03   3.7451979e+06
   1.0999332e+03   3.7452565e+06
   1.1014335e+03   3.7453149e+06
   1.1029337e+03   3.7453730e+06
   1.1044340e+03   3.7454308e+06
   1.1059342e+03   3.7454885e+06
   1.1074345e+03   3.7455459e+06
   1.1089347e+03   3.7456030e+06
   1.1104350e+03   3.7456600e+06
   1.1119352e+03   3.7457167e+06
   1.1134355e+03   3.7457732e+06
   1.1149357e+03   3.7458294e+06
   1.1164360e+03   3.7458855e+06
   1.1179362e+03   3.7459413e+06
   1.1194365e+03   3.7459969e+06
   1.1209367e+03   3.7460522e+06
   1.1224370e+03   3.7461074e+06
   1.1239372e+03   3.7461623e+06
   1.1254375e+03   3.7462170e+06
   1.1269377e+03   3.7462715e+06
   1.1284380e+03   3.7463258e+06
   1.1299382e+03   3.7463798e+06
   1.1314385e+03   3.7464337e+06
   1.1329387e+03   3.7464873e+06
   1.1344390e+03   3.7465407e+06
   1.1359392e+03   3.7465939e+06
   1.1374395e+03   3.7466469e+06
   1.1389397e+03   3.7466997e+06
   1.1404400e+03   3.7467523e+06
   1.1419402e+03   3.7468047e+06
   1.1434405e+03   3.7468568e+06
   1.1449407e+03   3.7469088e+06
   1.1464410e+03   3.7469606e+06
   1.1479412e+03   3.7470121e+06
   1.1494415e+03   3.7470635e+06
   1.1509417e+03   3.7471147e+06
   1.1524420e+03   3.7471656e+06
   1.1539422e+03   3.7472164e+06
   1.1554425e+03   3.7472670e+06
   1.1569427e+03   3.7473174e+06
   1.1584430e+03   3.7473675e+06
   1.1599432e+03   3.7474175e+06
   1.1614435e+03   3.7474673e+06
   1.1629437e+03   3.7475169e+06
   1.1644440e+03   3.7475663e+06
   1.1659442e+03   3.7476156e+06
   1.1674445e+03   3.7476646e+06
   1.1689447e+03   3.7477134e+06
   1.1704450e+03   3.7477621e+06
   1.1719452e+03   3.7478106e+06
   1.1734455e+03   3.7478589e+06
   1.1749457e+03   3.7479070e+06
   1.1764460e+03   3.7479549e+06
   1.1779462e+03   3.7480026e+06
   1.1794465e+03   3.7480502e+06
   1.1809467e+03   3.7480976e+06
   1.1824470e+03   3.7481448e+06
   1.1839472e+03   3.7481918e+06
   1.1854475e+03   3.7482386e+06
   1.1869477e+03   3.7482853e+06
   1.1884480e+03   3.7483318e+06
   1.1899482e+03   3.7483781e+06
   1.1914485e+03   3.7484242e+06
   1.1929487e+03   3.7484702e+06
   1.1944490e+03   3.7485160e+06
   1.1959492e+03   3.7485616e+06
   1.1974495e+03   3.7486071e+06
   1.1989497e+03   3.7486524e+06
   1.2004500e+03   3.7486975e+06
   1.2019502e+03   3.7487424e+06
   1.2034505e+03   3.7487872e+06
   1.2049507e+03   3.7488318e+06
   1.2064510e+03   3.7488763e+06
   1.2079512e+03   3.7489206e+06
   1.2094515e+03   3.7489647e+06
   1.2109517e+03   3.7490086e+06
   1.2124520e+03   3.7490524e+06
   1.2139522e+03   3.7490961e+06
   1.2154525e+03   3.7491395e+06
   1.2169527e+03   3.7491828e+06
   1.2184530e+03   3.7492260e+06
   1.2199532e+03   3.7492690e+06
   1.2214535e+03   3.7493118e+06
   1.2229537e+03   3.7493545e+06
   1.2244540e+03   3.7493970e+06
   1.2259542e+03   3.7494394e+06
   1.2274545e+03   3.7494816e+06
   1.2289547e+03   3.7495237e+06
   1.2304550e+03   3.7495656e+06
   1.2319552e+03   3.7496073e+06
   1.2334555e+03   3.7496489e+06
   1.2349557e+03   3.7496904e+06
   1.2364560e+03   3.7497317e+06
   1.2379562e+03   3.7497728e+06
   1.2394565e+03   3.7498138e+06
   1.2409567e+03   3.7498547e+06
   1.2424570e+03   3.7498954e+06
   1.2439572e+03   3.7499360e+06
   1.2454575e+03   3.7499764e+06
   1.2469577e+03   3.7500167e+06
   1.2484580e+03   3.7500568e+06
   1.2499582e+03   3.7500968e+06
   1.2514585e+03   3.7501366e+06
   1.2529587e+03   3.7501763e+06
   1.2544590e+03   3.7502159e+06
   1.2559592e+03   3.7502553e+06
   1.2574595e+03   3.7502946e+06
   1.2589597e+03   3.7503337e+06
   1.2604600e+03   3.7503727e+06
   1.2619602e+03   3.7504115e+06
   1.2634605e+03   3.7504503e+06
   1.2649607e+03   3.7504888e+06
   1.2664610e+03   3.7505273e+06
   1.2679612e+03   3.7505656e+06
   1.2694615e+03   3.7506038e+06
   1.2709617e+03   3.7506418e+06
   1.2724620e+03   3.7506797e+06
   1.2739622e+03   3.7507175e+06
   1.2754625e+03   3.7507551e+06
   1.2769627e+03   3.7507926e+06
   1.2784630e+03   3.7508300e+06
   1.2799632e+03   3.7508673e+06
   1.2814635e+03   3.7509044e+06
   1.2829637e+03   3.7509414e+06
   1.2844640e+03   3.7509782e+06
   1.2859642e+03   3.7510150e+06
   1.2874645e+03   3.7510516e+06
   1.2889647e+03   3.7510880e+06
   1.2904650e+03   3.7511244e+06
   1.2919652e+03   3.7511606e+06
   1.2934655e+03   3.7511967e+06
   1.2949657e+03   3.7512327e+06
   1.2964660e+03   3.7512685e+06
   1.2979662e+03   3.7513042e+06
   1.2994665e+03   3.7513398e+06
   1.3009667e+03   3.7513753e+06
   1.3024670e+03   3.7514107e+06
   1.3039672e+03   3.7514459e+06
   1.3054675e+03   3.7514810e+06
   1.3069677e+03   3.7515160e+06
   1.3084680e+03   3.7515509e+06
   1.3099682e+03   3.7515856e+06
   1.3114685e+03   3.7516203e+06
   1.3129687e+03   3.7516548e+06
   1.3144690e+03   3.7516892e+06
   1.3159692e+03   3.7517235e+06
   1.3174695e+03   3.7517576e+06
   1.3189697e+03   3.7517917e+06
   1.3204700e+03   3.7518256e+06
   1.3219702e+03   3.7518594e+06
   1.3234705e+03   3.7518931e+06
   1.3249707e+03   3.7519267e+06
   1.3264710e+03   3.7519602e+06
   1.3279712e+03   3.7519936e+06
   1.3294715e+03   3.7520268e+06
   1.3309717e+03   3.7520600e+06
   1.3324720e+03   3.7520930e+06
   1.3339722e+03   3.7521259e+06
   1.3354725e+03   3.7521587e+06
   1.3369727e+03   3.7521914e+06
   1.3384730e+03   3.7522240e+06
   1.3399732e+03   3.7522565e+06
   1.3414735e+03   3.7522888e+06
   1.3429737e+03   3.7523211e+06
   1.3444740e+03   3.7523533e+06
   1.3459742e+03   3.7523853e+06
   1.3474745e+03   3.7524172e+06
   1.3489747e+03   3.7524491e+06
   1.3504750e+03   3.7524808e+06
   1.3519752e+03   3.7525124e+06
   1.3534755e+03   3.7525439e+06
   1.3549757e+03   3.7525754e+06
   1.3564760e+03   3.7526067e+06
   1.3579762e+03   3.7526379e+06
   1.3594765e+03   3.7526690e+06
   1.3609767e+03   3.7527000e+06
   1.3624770e+03   3.7527309e+06
   1.3639772e+03   3.7527617e+06
   1.3654775e+03   3.7527924e+06
   1.3669777e+03   3.7528230e+06
   1.3684780e+03   3.7528535e+06
   1.3699782e+03   3.7528839e+06
   1.3714785e+03   3.7529142e+06
   1.3729787e+03   3.7529444e+06
   1.3744790e+03   3.7529745e+06
   1.3759792e+03   3.7530045e+06
   1.3774795e+03   3.7530344e+06
   1.3789797e+03   3.7530642e+06
   1.3804800e+03   3.7530939e+06
   1.3819802e+03   3.7531235e+06
   1.3834805e+03   3.7531530e+06
   1.3849807e+03   3.7531824e+06
   1.3864810e+03   3.7532118e+06
   1.3879812e+03   3.7532410e+06
   1.3894815e+03   3.7532701e+06
   1.3909817e+03   3.7532992e+06
   1.3924820e+03   3.7533281e+06
   1.3939822e+03   3.7533570e+06
   1.3954825e+03   3.7533858e+06
   1.3969827e+03   3.7534144e+06
   1.3984830e+03   3.7534430e+06
   1.3999832e+03   3.7534715e+06
   1.4014835e+03   3.7534999e+06
   1.4029837e+03   3.7535282e+06
   1.4044840e+03   3.7535564e+06
   1.4059842e+03   3.7535846e+06
   1.4074845e+03   3.7536126e+06
   1.4089847e+03   3.7536405e+06
   1.4104850e+03   3.7536684e+06
   1.4119852e+03   3.7536962e+06
   1.4134855e+03   3.7537239e+06
   1.4149857e+03   3.7537515e+06
   1.4164860e+03   3.7537790e+06
   1.4179862e+03   3.7538064e+06
   1.4194865e+03   3.7538337e+06
   1.4209867e+03   3.7538610e+06
   1.4224870e+03   3.7538881e+06
   1.4239872e+03   3.7539152e+06
   1.4254875e+03   3.7539422e+06
   1.4269877e+03   3.7539691e+06
   1.4284880e+03   3.7539959e+06
   1.4299882e+03   3.7540227e+06
   1.4314885e+03   3.7540493e+06
   1.4329887e+03   3.7540759e+06
   1.4344890e+03   3.7541024e+06
   1.4359892e+03   3.7541288e+06
   1.4374895e+03   3.7541551e+06
   1.4389897e+03   3.7541813e+06
   1.4404900e+03   3.7542075e+06
   1.4419902e+03   3.7542336e+06
   1.4434905e+03   3.7542596e+06
   1.4449907e+03   3.7542855e+06
   1.4464910e+03   3.7543113e+06
   1.4479912e+03   3.7543371e+06
   1.4494915e+03   3.7543628e+06
   1.4509917e+03   3.7543884e+06
   1.4524920e+03   3.7544139e+06
   1.4539922e+03   3.7544393e+06
   1.4554925e+03   3.7544647e+06
   1.4569927e+03   3.7544900e+06
   1.4584930e+03   3.7545152e+06
   1.4599932e+03   3.7545403e+06
   1.4614935e+03   3.7545653e+06
   1.4629937e+03   3.7545903e+06
   1.4644940e+03   3.7546152e+06
   1.4659942e+03   3.7546400e+06
   1.4674945e+03   3.7546648e+06
   1.4689947e+03   3.7546895e+06
   1.4704950e+03   3.7547140e+06
   1.4719952e+03   3.7547386e+06
   1.4734955e+03   3.7547630e+06
   1.4749957e+03   3.7547874e+06
   1.4764960e+03   3.7548117e+06
   1.4779962e+03   3.7548359e+06
   1.4794965e+03   3.7548601e+06
   1.4809967e+03   3.7548841e+06
   1.4824970e+03   3.7549081e+06
   1.4839972e+03   3.7549321e+06
   1.4854975e+03   3.7549559e+06
   1.4869977e+03   3.7549797e+06
   1.4884980e+03   3.7550034e+06
   1.4899982e+03   3.7550271e+06
   1.4914985e+03   3.7550506e+06
   1.4929987e+03   3.7550741e+06
   1.4944990e+03   3.7550976e+06
   1.4959992e+03   3.7551209e+06
   1.4974995e+03   3.7551442e+06
   1.4989997e+03   3.7551674e+06
   1.5005000e+03   3.7551906e+06
   1.5020003e+03   3.7552137e+06
   1.5035005e+03   3.7552367e+06
   1.5050008e+03   3.7552596e+06
   1.5065010e+03   3.7552825e+06
   1.5080013e+03   3.7553053e+06
   1.5095015e+03   3.7553281e+06
   1.5110018e+03   3.7553507e+06
   1.5125020e+03   3.7553733e+06
   1.5140023e+03   3.7553959e+06
   1.5155025e+03   3.7554184e+06
   1.5170028e+03   3.7554408e+06
   1.5185030e+03   3.7554631e+06
   1.5200033e+03   3.7554854e+06
   1.5215035e+03   3.7555076e+06
   1.5230038e+03   3.7555297e+06
   1.5245040e+03   3.7555518e+06
   1.5260043e+03   3.7555738e+06
   1.5275045e+03   3.7555958e+06
   1.5290048e+03   3.7556177e+06
   1.5305050e+03   3.7556395e+06
   1.5320053e+03   3.7556612e+06
   1.5335055e+03   3.7556829e+06
   1.5350058e+03   3.7557046e+06
   1.5365060e+03   3.7557261e+06
   1.5380063e+03   3.7557476e+06
   1.5395065e+03   3.7557691e+06
   1.5410068e+03   3.7557904e+06
   1.5425070e+03   3.7558118e+06
   1.5440073e+03   3.7558330e+06
   1.5455075e+03   3.7558542e+06
   1.5470078e+03   3.7558753e+06
   1.5485080e+03   3.7558964e+06
   1.5500083e+03   3.7559174e+06
   1.5515085e+03   3.7559384e+06
   1.5530088e+03   3.7559593e+06
   1.5545090e+03   3.7559801e+06
   1.5560093e+03   3.7560008e+06
   1.5575095e+03   3.7560216e+06
   1.5590098e+03   3.7560422e+06
   1.5605100e+03   3.7560628e+06
   1.5620103e+03   3.7560833e+06
   1.5635105e+03   3.7561038e+06
   1.5650108e+03   3.7561242e+06
   1.5665110e+03   3.7561446e+06
   1.5680113e+03   3.7561648e+06
   1.5695115e+03   3.7561851e+06
   1.5710118e+03   3.7562053e+06
   1.5725120e+03   3.7562254e+06
   1.5740123e+03   3.7562454e+06
   1.5755125e+03   3.7562655e+06
   1.5770128e+03   3.7562854e+06
   1.5785130e+03   3.7563053e+06
   1.5800133e+03   3.7563251e+06
   1.5815135e+03   3.7563449e+06
   1.5830138e+03   3.7563646e+06
   1.5845140e+03   3.7563843e+06
   1.5860143e+03   3.7564039e+06
   1.5875145e+03   3.7564235e+06
   1.5890148e+03   3.7564430e+06
   1.5905150e+03   3.7564624e+06
   1.5920153e+03   3.7564818e+06
   1.5935155e+03   3.7565012e+06
   1.5950158e+03   3.7565204e+06
   1.5965160e+03   3.7565397e+06
   1.5980163e+03   3.7565588e+06
   1.5995165e+03   3.7565780e+06
   1.6010168e+03   3.7565970e+06
   1.6025170e+03   3.7566161e+06
   1.6040173e+03   3.7566350e+06
   1.6055175e+03   3.7566539e+06
   1.6070178e+03   3.7566728e+06
   1.6085180e+03   3.7566916e+06
   1.6100183e+03   3.7567103e+06
   1.6115185e+03   3.7567290e+06
   1.6130188e+03   3.7567477e+06
   1.6145190e+03   3.7567663e+06
   1.6160193e+03   3.7567848e+06
   1.6175195e+03   3.7568033e+06
   1.6190198e+03   3.7568217e+06
   1.6205200e+03   3.7568401e+06
   1.6220203e+03   3.7568585e+06
   1.6235205e+03   3.7568768e+06
   1.6250208e+03   3.7568950e+06
   1.6265210e+03   3.7569132e+06
   1.6280213e+03   3.7569313e+06
   1.6295215e+03   3.7569494e+06
   1.6310218e+03   3.7569674e+06
   1.6325220e+03   3.7569854e+06
   1.6340223e+03   3.7570034e+06
   1.6355225e+03   3.7570213e+06
   1.6370228e+03   3.7570391e+06
   1.6385230e+03   3.7570569e+06
   1.6400233e+03   3.7570746e+06
   1.6415235e+03   3.7570923e+06
   1.6430238e+03   3.7571100e+06
   1.6445240e+03   3.7571276e+06
   1.6460243e+03   3.7571451e+06
   1.6475245e+03   3.7571626e+06
   1.6490248e+03   3.7571801e+06
   1.6505250e+03   3.7571975e+06
   1.6520253e+03   3.7572148e+06
   1.6535255e+03   3.7572322e+06
   1.6550258e+03   3.7572494e+06
   1.6565260e+03   3.7572666e+06
   1.6580263e+03   3.7572838e+06
   1.6595265e+03   3.7573009e+06
   1.6610268e+03   3.7573180e+06
   1.6625270e+03   3.7573350e+06
   1.6640273e+03   3.7573520e+06
   1.6655275e+03   3.7573690e+06
   1.6670278e+03   3.7573859e+06
   1.6685280e+03   3.7574027e+06
   1.6700283e+03   3.7574195e+06
   1.6715285e+03   3.7574363e+06
   1.6730288e+03   3.7574530e+06
   1.6745290e+03   3.7574697e+06
   1.6760293e+03   3.7574863e+06
   1.6775295e+03   3.7575029e+06
   1.6790298e+03   3.7575194e+06
   1.6805300e+03   3.7575359e+06
   1.6820303e+03   3.7575524e+06
   1.6835305e+03   3.7575688e+06
   1.6850308e+03   3.7575851e+06
   1.6865310e+03   3.7576014e+06
   1.6880313e+03   3.7576177e+06
   1.6895315e+03   3.7576339e+06
   1.6910318e+03   3.7576501e+06
   1.6925320e+03   3.7576663e+06
   1.6940323e+03   3.7576824e+06
   1.6955325e+03   3.7576984e+06
   1.6970328e+03   3.7577145e+06
   1.6985330e+03   3.7577304e+06
   1.7000333e+03   3.7577464e+06
   1.7015335e+03   3.7577623e+06
   1.7030338e+03   3.7577781e+06
   1.7045340e+03   3.7577939e+06
   1.7060343e+03   3.7578097e+06
   1.7075345e+03   3.7578254e+06
   1.7090348e+03   3.7578411e+06
   1.7105350e+03   3.7578567e+06
   1.7120353e+03   3.7578723e+06
   1.7135355e+03   3.7578879e+06
   1.7150358e+03   3.7579034e+06
   1.7165360e+03   3.7579189e+06
   1.7180363e+03   3.7579343e+06
   1.7195365e+03   3.7579497e+06
   1.7210368e+03   3.7579651e+06
   1.7225370e+03   3.7579804e+06
   1.7240373e+03   3.7579957e+06
   1.7255375e+03   3.7580109e+06
   1.7270378e+03   3.7580261e+06
   1.7285380e+03   3.7580413e+06
   1.7300383e+03   3.7580564e+06
   1.7315385e+03   3.7580715e+06
   1.7330388e+03   3.7580865e+06
   1.7345390e+03   3.7581015e+06
   1.7360393e+03   3.7581165e+06
   1.7375395e+03   3.7581314e+06
   1.7390398e+03   3.7581463e+06
   1.7405400e+03   3.7581611e+06
   1.7420403e+03   3.7581759e+06
   1.7435405e+03   3.7581907e+06
   1.7450408e+03   3.7582054e+06
   1.7465410e+03   3.7582201e+06
   1.7480413e+03   3.7582348e+06
   1.7495415e+03   3.7582494e+06
   1.7510418e+03   3.7582640e+06
   1.7525420e+03   3.7582785e+06
   1.7540423e+03   3.7582930e+06
   1.7555425e+03   3.7583075e+06
   1.7570428e+03   3.7583219e+06
   1.7585430e+03   3.7583363e+06
   1.7600433e+03   3.7583507e+06
   1.7615435e+03   3.7583650e+06
   1.7630438e+03   3.7583793e+06
   1.7645440e+03   3.7583936e+06
   1.7660443e+03   3.7584078e+06
   1.7675445e+03   3.7584220e+06
   1.7690448e+03   3.7584361e+06
   1.7705450e+03   3.7584502e+06
   1.7720453e+03   3.7584643e+06
   1.7735455e+03   3.7584783e+06
   1.7750458e+03   3.7584923e+06
   1.7765460e+03   3.7585063e+06
   1.7780463e+03   3.7585202e+06
   1.7795465e+03   3.7585341e+06
   1.7810468e+03   3.7585480e+06
   1.7825470e+03   3.7585618e+06
   1.7840473e+03   3.7585756e+06
   1.7855475e+03   3.7585893e+06
   1.7870478e+03   3.7586031e+06
   1.7885480e+03   3.7586167e+06
   1.7900483e+03   3.7586304e+06
   1.7915485e+03   3.7586440e+06
   1.7930488e+03   3.7586576e+06
   1.7945490e+03   3.7586711e+06
   1.7960493e+03   3.7586847e+06
   1.7975495e+03   3.7586981e+06
   1.7990498e+03   3.7587116e+06
   1.8005500e+03   3.7587250e+06
   1.8020503e+03   3.7587384e+06
   1.8035505e+03   3.7587517e+06
   1.8050508e+03   3.7587650e+06
   1.8065510e+03   3.7587783e+06
   1.8080513e+03   3.7587916e+06
   1.8095515e+03   3.7588048e+06
   1.8110518e+03   3.7588180e+06
   1.8125520e+03   3.7588311e+06
   1.8140523e+03   3.7588442e+06
   1.8155525e+03   3.7588573e+06
   1.8170528e+03   3.7588704e+06
   1.8185530e+03   3.7588834e+06
   1.8200533e+03   3.7588964e+06
   1.8215535e+03   3.7589093e+06
   1.8230538e+03   3.7589223e+06
   1.8245540e+03   3.7589352e+06
   1.8260543e+03   3.7589480e+06
   1.8275545e+03   3.7589608e+06
   1.8290548e+03   3.7589736e+06
   1.8305550e+03   3.7589864e+06
   1.8320553e+03   3.7589991e+06
   1.8335555e+03   3.7590119e+06
   1.8350558e+03   3.7590245e+06
   1.8365560e+03   3.7590372e+06
   1.8380563e+03   3.7590498e+06
   1.8395565e+03   3.7590624e+06
   1.8410568e+03   3.7590749e+06
   1.8425570e+03   3.7590874e+06
   1.8440573e+03   3.7590999e+06
   1.8455575e+03   3.7591124e+06
   1.8470578e+03   3.7591248e+06
   1.8485580e+03   3.7591372e+06
   1.8500583e+03   3.7591496e+06
   1.8515585e+03   3.7591619e+06
   1.8530588e+03   3.7591742e+06
   1.8545590e+03   3.7591865e+06
   1.8560593e+03   3.7591987e+06
   1.8575595e+03   3.7592110e+06
   1.8590598e+03   3.7592231e+06
   1.8605600e+03   3.7592353e+06
   1.8620603e+03   3.7592474e+06
   1.8635605e+03   3.7592595e+06
   1.8650608e+03   3.7592716e+06
   1.8665610e+03   3.7592837e+06
   1.8680613e+03   3.7592957e+06
   1.8695615e+03   3.7593077e+06
   1.8710618e+03   3.7593196e+06
   1.8725620e+03   3.7593315e+06
   1.8740623e+03   3.7593434e+06
   1.8755625e+03   3.7593553e+06
   1.8770628e+03   3.7593672e+06
   1.8785630e+03   3.7593790e+06
   1.8800633e+03   3.7593908e+06
   1.8815635e+03   3.7594025e+06
   1.8830638e+03   3.7594142e+06
   1.8845640e+03   3.7594259e+06
   1.8860643e+03   3.7594376e+06
   1.8875645e+03   3.7594493e+06
   1.8890648e+03   3.7594609e+06
   1.8905650e+03   3.7594725e+06
   1.8920653e+03   3.7594840e+06
   1.8935655e+03   3.7594956e+06
   1.8950658e+03   3.7595071e+06
   1.8965660e+03   3.7595186e+06
   1.8980663e+03   3.7595300e+06
   1.8995665e+03   3.7595414e+06
   1.9010668e+03   3.7595528e+06
   1.9025670e+03   3.7595642e+06
   1.9040673e+03   3.7595756e+06
   1.9055675e+03   3.7595869e+06
   1.9070678e+03   3.7595982e+06
   1.9085680e+03   3.7596094e+06
   1.9100683e+03   3.7596207e+06
   1.9115685e+03   3.7596319e+06
   1.9130688e+03   3.7596431e+06
   1.9145690e+03   3.7596542e+06
   1.9160693e+03   3.7596654e+06
   1.9175695e+03   3.7596765e+06
   1.9190698e+03   3.7596876e+06
   1.9205700e+03   3.7596986e+06
   1.9220703e+03   3.7597097e+06
   1.9235705e+03   3.7597207e+06
   1.9250708e+03   3.7597316e+06
   1.9265710e+03   3.7597426e+06
   1.9280713e+03   3.7597535e+06
   1.9295715e+03   3.7597644e+06
   1.9310718e+03   3.7597753e+06
   1.9325720e+03   3.7597862e+06
   1.9340723e+03   3.7597970e+06
   1.9355725e+03   3.7598078e+06
   1.9370728e+03   3.7598186e+06
   1.9385730e+03   3.7598293e+06
   1.9400733e+03   3.7598400e+06
   1.9415735e+03   3.7598507e+06
   1.9430738e+03   3.7598614e+06
   1.9445740e+03   3.7598721e+06
   1.9460743e+03   3.7598827e+06
   1.9475745e+03   3.7598933e+06
   1.9490748e+03   3.7599039e+06
   1.9505750e+03   3.7599144e+06
   1.9520753e+03   3.7599250e+06
   1.9535755e+03   3.7599355e+06
   1.9550758e+03   3.7599460e+06
   1.9565760e+03   3.7599564e+06
   1.9580763e+03   3.7599668e+06
   1.9595765e+03   3.7599773e+06
   1.9610768e+03   3.7599876e+06
   1.9625770e+03   3.7599980e+06
   1.9640773e+03   3.7600083e+06
   1.9655775e+03   3.7600187e+06
   1.9670778e+03   3.7600290e+06
   1.9685780e+03   3.7600392e+06
   1.9700783e+03   3.7600495e+06
   1.9715785e+03   3.7600597e+06
   1.9730788e+03   3.7600699e+06
   1.9745790e+03   3.7600801e+06
   1.9760793e+03   3.7600902e+06
   1.9775795e+03   3.7601003e+06
   1.9790798e+03   3.7601105e+06
   1.9805800e+03   3.7601205e+06
   1.9820803e+03   3.7601306e+06
   1.9835805e+03   3.7601406e+06
   1.9850808e+03   3.7601506e+06
   1.9865810e+03   3.7601606e+06
   1.9880813e+03   3.7601706e+06
   1.9895815e+03   3.7601806e+06
   1.9910818e+03   3.7601905e+06
   1.9925820e+03   3.7602004e+06
   1.9940823e+03   3.7602103e+06
   1.9955825e+03   3.7602201e+06
   1.9970828e+03   3.7602300e+06
   1.9985830e+03   3.7602398e+06
   2.0000833e+03   3.7602496e+06
   2.0015835e+03   3.7602593e+06
   2.0030838e+03   3.7602691e+06
   2.0045840e+03   3.7602788e+06
   2.0060843e+03   3.7602885e+06
   2.0075845e+03   3.7602982e+06
   2.0090848e+03   3.7603079e+06
   2.0105850e+03   3.7603175e+06
   2.0120853e+03   3.7603271e+06
   2.0135855e+03   3.7603367e+06
   2.0150858e+03   3.7603463e+06
   2.0165860e+03   3.7603558e+06
   2.0180863e+03   3.7603654e+06
   2.0195865e+03   3.7603749e+06
   2.0210868e+03   3.7603844e+06
   2.0225870e+03   3.7603938e+06
   2.0240873e+03   3.7604033e+06
   2.0255875e+03   3.7604127e+06
   2.0270878e+03   3.7604221e+06
   2.0285880e+03   3.7604315e+06
   2.0300883e+03   3.7604409e+06
   2.0315885e+03   3.7604502e+06
   2.0330888e+03   3.7604595e+06
   2.0345890e+03   3.7604688e+06
   2.0360893e+03   3.7604781e+06
   2.0375895e+03   3.7604874e+06
   2.0390898e+03   3.7604966e+06
   2.0405900e+03   3.7605058e+06
   2.0420903e+03   3.7605150e+06
   2.0435905e+03   3.7605242e+06
   2.0450908e+03   3.7605334e+06
   2.0465910e+03   3.7605425e+06
   2.0480913e+03   3.7605516e+06
   2.0495915e+03   3.7605607e+06
   2.0510918e+03   3.7605698e+06
   2.0525920e+03   3.7605789e+06
   2.0540923e+03   3.7605879e+06
   2.0555925e+03   3.7605969e+06
   2.0570928e+03   3.7606059e+06
   2.0585930e+03   3.7606149e+06
   2.0600933e+03   3.7606239e+06
   2.0615935e+03   3.7606328e+06
   2.0630938e+03   3.7606417e+06
   2.0645940e+03   3.7606506e+06
   2.0660943e+03   3.7606595e+06
   2.0675945e+03   3.7606684e+06
   2.0690948e+03   3.7606772e+06
   2.0705950e+03   3.7606861e+06
   2.0720953e+03   3.7606949e+06
   2.0735955e+03   3.7607037e+06
   2.0750958e+03   3.7607124e+06
   2.0765960e+03   3.7607212e+06
   2.0780963e+03   3.7607299e+06
   2.0795965e+03   3.7607386e+06
   2.0810968e+03   3.7607473e+06
   2.0825970e+03   3.7607560e+06
   2.0840973e+03   3.7607646e+06
   2.0855975e+03   3.7607733e+06
   2.0870978e+03   3.7607819e+06
   2.0885980e+03   3.7607905e+06
   2.0900983e+03   3.7607991e+06
   2.0915985e+03   3.7608076e+06
   2.0930988e+03   3.7608162e+06
   2.0945990e+03   3.7608247e+06
   2.0960993e+03   3.7608332e+06
   2.0975995e+03   3.7608417e+06
   2.0990998e+03   3.7608502e+06
   2.1006001e+03   3.7608586e+06
   2.1021003e+03   3.7608671e+06
   2.1036006e+03   3.7608755e+06
   2.1051008e+03   3.7608839e+06
   2.1066011e+03   3.7608923e+06
   2.1081013e+03   3.7609006e+06
   2.1096016e+03   3.7609090e+06
   2.1111018e+03   3.7609173e+06
   2.1126021e+03   3.7609256e+06
   2.1141023e+03   3.7609339e+06
   2.1156026e+03   3.7609422e+06
   2.1171028e+03   3.7609504e+06
   2.1186031e+03   3.7609587e+06
   2.1201033e+03   3.7609669e+06
   2.1216036e+03   3.7609751e+06
   2.1231038e+03   3.7609833e+06
   2.1246041e+03   3.7609915e+06
   2.1261043e+03   3.7609996e+06
   2.1276046e+03   3.7610078e+06
   2.1291048e+03   3.7610159e+06
   2.1306051e+03   3.7610240e+06
   2.1321053e+03   3.7610321e+06
   2.1336056e+03   3.7610401e+06
   2.1351058e+03   3.7610482e+06
   2.1366061e+03   3.7610562e+06
   2.1381063e+03   3.7610642e+06
   2.1396066e+03   3.7610722e+06
   2.1411068e+03   3.7610802e+06
   2.1426071e+03   3.7610882e+06
   2.1441073e+03   3.7610961e+06
   2.1456076e+03   3.7611041e+06
   2.1471078e+03   3.7611120e+06
   2.1486081e+03   3.7611199e+06
   2.1501083e+03   3.7611278e+06
   2.1516086e+03   3.7611356e+06
   2.1531088e+03   3.7611435e+06
   2.1546091e+03   3.7611513e+06
   2.1561093e+03   3.7611591e+06
   2.1576096e+03   3.7611669e+06
   2.1591098e+03   3.7611747e+06
   2.1606101e+03   3.7611825e+06
   2.1621103e+03   3.7611903e+06
   2.1636106e+03   3.7611980e+06
   2.1651108e+03   3.7612057e+06
   2.1666111e+03   3.7612134e+06
   2.1681113e+03   3.7612211e+06
   2.1696116e+03   3.7612288e+06
   2.1711118e+03   3.7612364e+06
   2.1726121e+03   3.7612441e+06
   2.1741123e+03   3.7612517e+06
   2.1756126e+03   3.7612593e+06
   2.1771128e+03   3.7612669e+06
   2.1786131e+03   3.7612745e+06
   2.1801133e+03   3.7612820e+06
   2.1816136e+03   3.7612896e+06
   2.1831138e+03   3.7612971e+06
   2.1846141e+03   3.7613046e+06
   2.1861143e+03   3.7613121e+06
   2.1876146e+03   3.7613196e+06
   2.1891148e+03   3.7613271e+06
   2.1906151e+03   3.7613346e+06
   2.1921153e+03   3.7613420e+06
   2.1936156e+03   3.7613494e+06
   2.1951158e+03   3.7613568e+06
   2.1966161e+03   3.7613642e+06
   2.1981163e+03   3.7613716e+06
   2.1996166e+03   3.7613790e+06
   2.2011168e+03   3.7613863e+06
   2.2026171e+03   3.7613936e+06
   2.2041173e+03   3.7614010e+06
   2.2056176e+03   3.7614083e+06
   2.2071178e+03   3.7614156e+06
   2.2086181e+03   3.7614228e+06
   2.2101183e+03   3.7614301e+06
   2.2116186e+03   3.7614373e+06
   2.2131188e+03   3.7614446e+06
   2.2146191e+03   3.7614518e+06
   2.2161193e+03   3.7614590e+06
   2.2176196e+03   3.7614662e+06
   2.2191198e+03   3.7614733e+06
   2.2206201e+03   3.7614805e+06
   2.2221203e+03   3.7614876e+06
   2.2236206e+03   3.7614948e+06
   2.2251208e+03   3.7615019e+06
   2.2266211e+03   3.7615090e+06
   2.2281213e+03   3.7615161e+06
   2.2296216e+03   3.7615231e+06
   2.2311218e+03   3.7615302e+06
   2.2326221e+03   3.7615372e+06
   2.2341223e+03   3.7615443e+06
   2.2356226e+03   3.7615513e+06
   2.2371228e+03   3.7615583e+06
   2.2386231e+03   3.7615653e+06
   2.2401233e+03   3.7615722e+06
   2.2416236e+03   3.7615792e+06
   2.2431238e+03   3.7615861e+06
   2.2446241e+03   3.7615931e+06
   2.2461243e+03   3.7616000e+06
   2.2476246e+03   3.7616069e+06
   2.2491248e+03   3.7616138e+06
   2.2506251e+03   3.7616206e+06
   2.2521253e+03   3.7616275e+06
   2.2536256e+03   3.7616344e+06
   2.2551258e+03   3.7616412e+06
   2.2566261e+03   3.7616480e+06
   2.2581263e+03   3.7616548e+06
   2.2596266e+03   3.7616616e+06
   2.2611268e+03   3.7616684e+06
   2.2626271e+03   3.7616752e+06
   2.2641273e+03   3.7616819e+06
   2.2656276e+03   3.7616886e+06
   2.2671278e+03   3.7616954e+06
   2.2686281e+03   3.7617021e+06
   2.2701283e+03   3.7617088e+06
   2.2716286e+03   3.7617155e+06
   2.2731288e+03   3.7617221e+06
   2.2746291e+03   3.7617288e+06
   2.2761293e+03   3.7617354e+06
   2.2776296e+03   3.7617421e+06
   2.2791298e+03   3.7617487e+06
   2.2806301e+03   3.7617553e+06
   2.2821303e+03   3.7617619e+06
   2.2836306e+03   3.7617685e+06
   2.2851308e+03   3.7617751e+06
   2.2866311e+03   3.7617816e+06
   2.2881313e+03   3.7617881e+06
   2.2896316e+03   3.7617947e+06
   2.2911318e+03   3.7618012e+06
   2.2926321e+03   3.7618077e+06
   2.2941323e+03   3.7618142e+06
   2.2956326e+03   3.7618207e+06
   2.2971328e+03   3.7618271e+06
   2.2986331e+03   3.7618336e+06
   2.3001333e+03   3.7618400e+06
   2.3016336e+03   3.7618465e+06
   2.3031338e+03   3.7618529e+06
   2.3046341e+03   3.7618593e+06
   2.3061343e+03   3.7618657e+06
   2.3076346e+03   3.7618720e+06
   2.3091348e+03   3.7618784e+06
   2.3106351e+03   3.7618848e+06
   2.3121353e+03   3.7618911e+06
   2.3136356e+03   3.7618974e+06
   2.3151358e+03   3.7619038e+06
   2.3166361e+03   3.7619101e+06
   2.3181363e+03   3.7619163e+06
   2.3196366e+03   3.7619226e+06
   2.3211368e+03   3.7619289e+06
   2.3226371e+03   3.7619351e+06
   2.3241373e+03   3.7619414e+06
   2.3256376e+03   3.7619476e+06
   2.3271378e+03   3.7619538e+06
   2.3286381e+03   3.7619601e+06
   2.3301383e+03   3.7619662e+06
   2.3316386e+03   3.7619724e+06
   2.3331388e+03   3.7619786e+06
   2.3346391e+03   3.7619848e+06
   2.3361393e+03   3.7619909e+06
   2.3376396e+03   3.7619970e+06
   2.3391398e+03   3.7620032e+06
   2.3406401e+03   3.7620093e+06
   2.3421403e+03   3.7620154e+06
   2.3436406e+03   3.7620215e+06
   2.3451408e+03   3.7620275e+06
   2.3466411e+03   3.7620336e+06
   2.3481413e+03   3.7620397e+06
   2.3496416e+03   3.7620457e+06
   2.3511418e+03   3.7620517e+06
   2.3526421e+03   3.7620578e+06
   2.3541423e+03   3.7620638e+06
   2.3556426e+03   3.7620698e+06
   2.3571428e+03   3.7620758e+06
   2.3586431e+03   3.7620817e+06
   2.3601433e+03   3.7620877e+06
   2.3616436e+03   3.7620936e+06
   2.3631438e+03   3.7620996e+06
   2.3646441e+03   3.7621055e+06
   2.3661443e+03   3.7621114e+06
   2.3676446e+03   3.7621173e+06
   2.3691448e+03   3.7621232e+06
   2.3706451e+03   3.7621291e+06
   2.3721453e+03   3.7621350e+06
   2.3736456e+03   3.7621408e+06
   2.3751458e+03   3.7621467e+06
   2.3766461e+03   3.7621525e+06
   2.3781463e+03   3.7621584e+06
   2.3796466e+03   3.7621642e+06
   2.3811468e+03   3.7621700e+06
   2.3826471e+03   3.7621758e+06
   2.3841473e+03   3.7621816e+06
   2.3856476e+03   3.7621873e+06
   2.3871478e+03   3.7621931e+06
   2.3886481e+03   3.7621988e+06
   2.3901483e+03   3.7622046e+06
   2.3916486e+03   3.7622103e+06
   2.3931488e+03   3.7622160e+06
   2.3946491e+03   3.7622217e+06
   2.3961493e+03   3.7622274e+06
   2.3976496e+03   3.7622331e+06
   2.3991498e+03   3.7622388e+06
   2.4006501e+03   3.7622445e+06
   2.4021503e+03   3.7622501e+06
   2.4036506e+03   3.7622558e+06
   2.4051508e+03   3.7622614e+06
   2.4066511e+03   3.7622670e+06
   2.4081513e+03   3.7622726e+06
   2.4096516e+03   3.7622782e+06
   2.4111518e+03   3.7622838e+06
   2.4126521e+03   3.7622894e+06
   2.4141523e+03   3.7622950e+06
   2.4156526e+03   3.7623006e+06
   2.4171528e+03   3.7623061e+06
   2.4186531e+03   3.7623116e+06
   2.4201533e+03   3.7623172e+06
   2.4216536e+03   3.7623227e+06
   2.4231538e+03   3.7623282e+06
   2.4246541e+03   3.7623337e+06
   2.4261543e+03   3.7623392e+06
   2.4276546e+03   3.7623447e+06
   2.4291548e+03   3.7623501e+06
   2.4306551e+03   3.7623556e+06
   2.4321553e+03   3.7623610e+06
   2.4336556e+03   3.7623665e+06
   2.4351558e+03   3.7623719e+06
   2.4366561e+03   3.7623773e+06
   2.4381563e+03   3.7623827e+06
   2.4396566e+03   3.7623881e+06
   2.4411568e+03   3.7623935e+06
   2.4426571e+03   3.7623989e+06
   2.4441573e+03   3.7624043e+06
   2.4456576e+03   3.7624096e+06
   2.4471578e+03   3.7624150e+06
   2.4486581e+03   3.7624203e+06
   2.4501583e+03   3.7624257e+06
   2.4516586e+03   3.7624310e+06
   2.4531588e+03   3.7624363e+06
   2.4546591e+03   3.7624416e+06
   2.4561593e+03   3.7624469e+06
   2.4576596e+03   3.7624522e+06
   2.4591598e+03   3.7624574e+06
   2.4606601e+03   3.7624627e+06
   2.4621603e+03   3.7624679e+06
   2.4636606e+03   3.7624732e+06
   2.4651608e+03   3.7624784e+06
   2.4666611e+03   3.7624836e+06
   2.4681613e+03   3.7624888e+06
   2.4696616e+03   3.7624941e+06
   2.4711618e+03   3.7624992e+06
   2.4726621e+03   3.7625044e+06
   2.4741623e+03   3.7625096e+06
   2.4756626e+03   3.7625148e+06
   2.4771628e+03   3.7625199e+06
   2.4786631e+03   3.7625251e+06
   2.4801633e+03   3.7625302e+06
   2.4816636e+03   3.7625353e+06
   2.4831638e+03   3.7625405e+06
   2.4846641e+03   3.7625456e+06
   2.4861643e+03   3.7625507e+06
   2.4876646e+03   3.7625558e+06
   2.4891648e+03   3.7625609e+06
   2.4906651e+03   3.7625659e+06
   2.4921653e+03   3.7625710e+06
   2.4936656e+03   3.7625761e+06
   2.4951658e+03   3.7625811e+06
   2.4966661e+03   3.7625861e+06
   2.4981663e+03   3.7625912e+06
   2.4996666e+03   3.7625962e+06
   2.5011668e+03   3.7626012e+06
   2.5026671e+03   3.7626062e+06
   2.5041673e+03   3.7626112e+06
   2.5056676e+03   3.7626162e+06
   2.5071678e+03   3.7626211e+06
   2.5086681e+03   3.7626261e+06
   2.5101683e+03   3.7626311e+06
   2.5116686e+03   3.7626360e+06
   2.5131688e+03   3.7626410e+06
   2.5146691e+03   3.7626459e+06
   2.5161693e+03   3.7626508e+06
   2.5176696e+03   3.7626557e+06
   2.5191698e+03   3.7626606e+06
   2.5206701e+03   3.7626655e+06
   2.5221703e+03   3.7626704e+06
   2.5236706e+03   3.7626753e+06
   2.5251708e+03   3.7626801e+06
   2.5266711e+03   3.7626850e+06
   2.5281713e+03   3.7626899e+06
   2.5296716e+03   3.7626947e+06
   2.5311718e+03   3.7626995e+06
   2.5326721e+03   3.7627044e+06
   2.5341723e+03   3.7627092e+06
   2.5356726e+03   3.7627140e+06
   2.5371728e+03   3.7627188e+06
   2.5386731e+03   3.7627236e+06
   2.5401733e+03   3.7627284e+06
   2.5416736e+03   3.7627331e+06
   2.5431738e+03   3.7627379e+06
   2.5446741e+03   3.7627427e+06
   2.5461743e+03   3.7627474e+06
   2.5476746e+03   3.7627522e+06
   2.5491748e+03   3.7627569e+06
   2.5506751e+03   3.7627616e+06
   2.5521753e+03   3.7627663e+06
   2.5536756e+03   3.7627710e+06
   2.5551758e+03   3.7627757e+06
   2.5566761e+03   3.7627804e+06
   2.5581763e+03   3.7627851e+06
   2.5596766e+03   3.7627898e+06
   2.5611768e+03   3.7627944e+06
   2.5626771e+03   3.7627991e+06
   2.5641773e+03   3.7628038e+06
   2.5656776e+03   3.7628084e+06
   2.5671778e+03   3.7628130e+06
   2.5686781e+03   3.7628177e+06
   2.5701783e+03   3.7628223e+06
   2.5716786e+03   3.7628269e+06
   2.5731788e+03   3.7628315e+06
   2.5746791e+03   3.7628361e+06
   2.5761793e+03   3.7628407e+06
   2.5776796e+03   3.7628452e+06
   2.5791798e+03   3.7628498e+06
   2.5806801e+03   3.7628544e+06
   2.5821803e+03   3.7628589e+06
   2.5836806e+03   3.7628635e+06
   2.5851808e+03   3.7628680e+06
   2.5866811e+03   3.7628725e+06
   2.5881813e+03   3.7628771e+06
   2.5896816e+03   3.7628816e+06
   2.5911818e+03   3.7628861e+06
   2.5926821e+03   3.7628906e+06
   2.5941823e+03   3.7628951e+06
   2.5956826e+03   3.7628996e+06
   2.5971828e+03   3.7629040e+06
   2.5986831e+03   3.7629085e+06
   2.6001833e+03   3.7629130e+06
   2.6016836e+03   3.7629174e+06
   2.6031838e+03   3.7629219e+06
   2.6046841e+03   3.7629263e+06
   2.6061843e+03   3.7629307e+06
   2.6076846e+03   3.7629351e+06
   2.6091848e+03   3.7629396e+06
   2.6106851e+03   3.7629440e+06
   2.6121853e+03   3.7629484e+06
   2.6136856e+03   3.7629528e+06
   2.6151858e+03   3.7629571e+06
   2.6166861e+03   3.7629615e+06
   2.6181863e+03   3.7629659e+06
   2.6196866e+03   3.7629702e+06
   2.6211868e+03   3.7629746e+06
   2.6226871e+03   3.7629789e+06
   2.6241873e+03   3.7629833e+06
   2.6256876e+03   3.7629876e+06
   2.6271878e+03   3.7629919e+06
   2.6286881e+03   3.7629963e+06
   2.6301883e+03   3.7630006e+06
   2.6316886e+03   3.7630049e+06
   2.6331888e+03   3.7630092e+06
   2.6346891e+03   3.7630134e+06
   2.6361893e+03   3.7630177e+06
   2.6376896e+03   3.7630220e+06
   2.6391898e+03   3.7630263e+06
   2.6406901e+03   3.7630305e+06
   2.6421903e+03   3.7630348e+06
   2.6436906e+03   3.7630390e+06
   2.6451908e+03   3.7630433e+06
   2.6466911e+03   3.7630475e+06
   2.6481913e+03   3.7630517e+06
   2.6496916e+03   3.7630559e+06
   2.6511918e+03   3.7630601e+06
   2.6526921e+03   3.7630643e+06
   2.6541923e+03   3.7630685e+06
   2.6556926e+03   3.7630727e+06
   2.6571928e+03   3.7630769e+06
   2.6586931e+03   3.7630811e+06
   2.6601933e+03   3.7630852e+06
   2.6616936e+03   3.7630894e+06
   2.6631938e+03   3.7630935e+06
   2.6646941e+03   3.7630977e+06
   2.6661943e+03   3.7631018e+06
   2.6676946e+03   3.7631059e+06
   2.6691948e+03   3.7631101e+06
   2.6706951e+03   3.7631142e+06
   2.6721953e+03   3.7631183e+06
   2.6736956e+03   3.7631224e+06
   2.6751958e+03   3.7631265e+06
   2.6766961e+03   3.7631306e+06
   2.6781963e+03   3.7631347e+06
   2.6796966e+03   3.7631387e+06
   2.6811968e+03   3.7631428e+06
   2.6826971e+03   3.7631469e+06
   2.6841973e+03   3.7631509e+06
   2.6856976e+03   3.7631550e+06
   2.6871978e+03   3.7631590e+06
   2.6886981e+03   3.7631630e+06
   2.6901983e+03   3.7631671e+06
   2.6916986e+03   3.7631711e+06
   2.6931988e+03   3.7631751e+06
   2.6946991e+03   3.7631791e+06
   2.6961993e+03   3.7631831e+06
   2.6976996e+03   3.7631871e+06
   2.6991998e+03   3.7631911e+06
   2.7007001e+03   3.7631951e+06
   2.7022004e+03   3.7631990e+06
   2.7037006e+03   3.7632030e+06
   2.7052009e+03   3.7632070e+06
   2.7067011e+03   3.7632109e+06
   2.7082014e+03   3.7632149e+06
   2.7097016e+03   3.7632188e+06
   2.7112019e+03   3.7632227e+06
   2.7127021e+03   3.7632267e+06
   2.7142024e+03   3.7632306e+06
   2.7157026e+03   3.7632345e+06
   2.7172029e+03   3.7632384e+06
   2.7187031e+03   3.7632423e+06
   2.7202034e+03   3.7632462e+06
   2.7217036e+03   3.7632501e+06
   2.7232039e+03   3.7632540e+06
   2.7247041e+03   3.7632579e+06
   2.7262044e+03   3.7632617e+06
   2.7277046e+03   3.7632656e+06
   2.7292049e+03   3.7632695e+06
   2.7307051e+03   3.7632733e+06
   2.7322054e+03   3.7632771e+06
   2.7337056e+03   3.7632810e+06
   2.7352059e+03   3.7632848e+06
   2.7367061e+03   3.7632886e+06
   2.7382064e+03   3.7632925e+06
   2.7397066e+03   3.7632963e+06
   2.7412069e+03   3.7633001e+06
   2.7427071e+03   3.7633039e+06
   2.7442074e+03   3.7633077e+06
   2.7457076e+03   3.7633115e+06
   2.7472079e+03   3.7633152e+06
   2.7487081e+03   3.7633190e+06
   2.7502084e+03   3.7633228e+06
   2.7517086e+03   3.7633266e+06
   2.7532089e+03   3.7633303e+06
   2.7547091e+03   3.7633341e+06
   2.7562094e+03   3.7633378e+06
   2.7577096e+03   3.7633415e+06
   2.7592099e+03   3.7633453e+06
   2.7607101e+03   3.7633490e+06
   2.7622104e+03   3.7633527e+06
   2.7637106e+03   3.7633564e+06
   2.7652109e+03   3.7633601e+06
   2.7667111e+03   3.7633639e+06
   2.7682114e+03   3.7633675e+06
   2.7697116e+03   3.7633712e+06
   2.7712119e+03   3.7633749e+06
   2.7727121e+03   3.7633786e+06
   2.7742124e+03   3.7633823e+06
   2.7757126e+03   3.7633859e+06
   2.7772129e+03   3.7633896e+06
   2.7787131e+03   3.7633933e+06
   2.7802134e+03   3.7633969e+06
   2.7817136e+03   3.7634005e+06
   2.7832139e+03   3.7634042e+06
   2.7847141e+03   3.7634078e+06
   2.7862144e+03   3.7634114e+06
   2.7877146e+03   3.7634151e+06
   2.7892149e+03   3.7634187e+06
   2.7907151e+03   3.7634223e+06
   2.7922154e+03   3.7634259e+06
   2.7937156e+03   3.7634295e+06
   2.7952159e+03   3.7634331e+06
   2.7967161e+03   3.7634367e+06
   2.7982164e+03   3.7634402e+06
   2.7997166e+03   3.7634438e+06
   2.8012169e+03   3.7634474e+06
   2.8027171e+03   3.7634509e+06
   2.8042174e+03   3.7634545e+06
   2.8057176e+03   3.7634580e+06
   2.8072179e+03   3.7634616e+06
   2.8087181e+03   3.7634651e+06
   2.8102184e+03   3.7634687e+06
   2.8117186e+03   3.7634722e+06
   2.8132189e+03   3.7634757e+06
   2.8147191e+03   3.7634792e+06
   2.8162194e+03   3.7634827e+06
   2.8177196e+03   3.7634862e+06
   2.8192199e+03   3.7634897e+06
   2.8207201e+03   3.7634932e+06
   2.8222204e+03   3.7634967e+06
   2.8237206e+03   3.7635002e+06
   2.8252209e+03   3.7635037e+06
   2.8267211e+03   3.7635072e+06
   2.8282214e+03   3.7635106e+06
   2.8297216e+03   3.7635141e+06
   2.8312219e+03   3.7635175e+06
   2.8327221e+03   3.7635210e+06
   2.8342224e+03   3.7635244e+06
   2.8357226e+03   3.7635279e+06
   2.8372229e+03   3.7635313e+06
   2.8387231e+03   3.7635347e+06
   2.8402234e+03   3.7635382e+06
   2.8417236e+03   3.7635416e+06
   2.8432239e+03   3.7635450e+06
   2.8447241e+03   3.7635484e+06
   2.8462244e+03   3.7635518e+06
   2.8477246e+03   3.7635552e+06
   2.8492249e+03   3.7635586e+06
   2.8507251e+03   3.7635620e+06
   2.8522254e+03   3.7635653e+06
   2.8537256e+03   3.7635687e+06
   2.8552259e+03   3.7635721e+06
   2.8567261e+03   3.7635754e+06
   2.8582264e+03   3.7635788e+06
   2.8597266e+03   3.7635822e+06
   2.8612269e+03   3.7635855e+06
   2.8627271e+03   3.7635888e+06
   2.8642274e+03   3.7635922e+06
   2.8657276e+03   3.7635955e+06
   2.8672279e+03   3.7635988e+06
   2.8687281e+03   3.7636022e+06
   2.8702284e+03   3.7636055e+06
   2.8717286e+03   3.7636088e+06
   2.8732289e+03   3.7636121e+06
   2.8747291e+03   3.7636154e+06
   2.8762294e+03   3.7636187e+06
   2.8777296e+03   3.7636220e+06
   2.8792299e+03   3.7636253e+06
   2.8807301e+03   3.7636286e+06
   2.8822304e+03   3.7636318e+06
   2.8837306e+03   3.7636351e+06
   2.8852309e+03   3.7636384e+06
   2.8867311e+03   3.7636416e+06
   2.8882314e+03   3.7636449e+06
   2.8897316e+03   3.7636481e+06
   2.8912319e+03   3.7636514e+06
   2.8927321e+03   3.7636546e+06
   2.8942324e+03   3.7636578e+06
   2.8957326e+03   3.7636611e+06
   2.8972329e+03   3.7636643e+06
   2.8987331e+03   3.7636675e+06
   2.9002334e+03   3.7636707e+06
   2.9017336e+03   3.7636739e+06
   2.9032339e+03   3.7636771e+06
   2.9047341e+03   3.7636803e+06
   2.9062344e+03   3.7636835e+06
   2.9077346e+03   3.7636867e+06
   2.9092349e+03   3.7636899e+06
   2.9107351e+03   3.7636931e+06
   2.9122354e+03   3.7636963e+06
   2.9137356e+03   3.7636994e+06
   2.9152359e+03   3.7637026e+06
   2.9167361e+03   3.7637058e+06
   2.9182364e+03   3.7637089e+06
   2.9197366e+03   3.7637121e+06
   2.9212369e+03   3.7637152e+06
   2.9227371e+03   3.7637184e+06
   2.9242374e+03   3.7637215e+06
   2.9257376e+03   3.7637246e+06
   2.9272379e+03   3.7637278e+06
   2.9287381e+03   3.7637309e+06
   2.9302384e+03   3.7637340e+06
   2.9317386e+03   3.7637371e+06
   2.9332389e+03   3.7637402e+06
   2.9347391e+03   3.7637433e+06
   2.9362394e+03   3.7637464e+06
   2.9377396e+03   3.7637495e+06
   2.9392399e+03   3.7637526e+06
   2.9407401e+03   3.7637557e+06
   2.9422404e+03   3.7637588e+06
   2.9437406e+03   3.7637618e+06
   2.9452409e+03   3.7637649e+06
   2.9467411e+03   3.7637680e+06
   2.9482414e+03   3.7637710e+06
   2.9497416e+03   3.7637741e+06
   2.9512419e+03   3.7637771e+06
   2.9527421e+03   3.7637802e+06
   2.9542424e+03   3.7637832e+06
   2.9557426e+03   3.7637863e+06
   2.9572429e+03   3.7637893e+06
   2.9587431e+03   3.7637923e+06
   2.9602434e+03   3.7637953e+06
   2.9617436e+03   3.7637984e+06
   2.9632439e+03   3.7638014e+06
   2.9647441e+03   3.7638044e+06
   2.9662444e+03   3.7638074e+06
   2.9677446e+03   3.7638104e+06
   2.9692449e+03   3.7638134e+06
   2.9707451e+03   3.7638164e+06
   2.9722454e+03   3.7638194e+06
   2.9737456e+03   3.7638223e+06
   2.9752459e+03   3.7638253e+06
   2.9767461e+03   3.7638283e+06
   2.9782464e+03   3.7638313e+06
   2.9797466e+03   3.7638342e+06
   2.9812469e+03   3.7638372e+06
   2.9827471e+03   3.7638401e+06
   2.9842474e+03   3.7638431e+06
   2.9857476e+03   3.7638460e+06
   2.9872479e+03   3.7638490e+06
   2.9887481e+03   3.7638519e+06
   2.9902484e+03   3.7638548e+06
   2.9917486e+03   3.7638578e+06
   2.9932489e+03   3.7638607e+06
   2.9947491e+03   3.7638636e+06
   2.9962494e+03   3.7638665e+06
   2.9977496e+03   3.7638694e+06
   2.9992499e+03   3.7638724e+06
