# cobalt, G_ep from spin-resolved DFT, sum of majo and mino G_ep, calculations by Jan Vorberger
# T [K] 	   G_ep [W/(m^3K)]
   3.2425000e+02   1.6304714e+18
   3.4850000e+02   1.6427655e+18
   3.7275000e+02   1.6533461e+18
   3.9700000e+02   1.6632453e+18
   4.2125000e+02   1.6723438e+18
   4.4550000e+02   1.6807448e+18
   4.6975000e+02   1.6885559e+18
   4.9400000e+02   1.6947417e+18
   5.1825000e+02   1.7026835e+18
   5.4250000e+02   1.7091124e+18
   5.6675000e+02   1.7153349e+18
   5.9100000e+02   1.7214940e+18
   6.1525000e+02   1.7272209e+18
   6.3950000e+02   1.7291863e+18
   6.6375000e+02   1.7383162e+18
   6.8800000e+02   1.7437927e+18
   7.1225000e+02   1.7492457e+18
   7.3650000e+02   1.7545029e+18
   7.6075000e+02   1.7600435e+18
   7.8500000e+02   1.7656824e+18
   8.0925000e+02   1.7716014e+18
   8.3350000e+02   1.7781014e+18
   8.5775000e+02   1.7835782e+18
   8.8200000e+02   1.7901577e+18
   9.0625000e+02   1.7976869e+18
   9.3050000e+02   1.8027932e+18
   9.5475000e+02   1.8099055e+18
   9.7900000e+02   1.8170131e+18
   1.0032500e+03   1.8244892e+18
   1.0275000e+03   1.8322575e+18
   1.0517500e+03   1.8402913e+18
   1.0760000e+03   1.8468385e+18
   1.1002500e+03   1.8573175e+18
   1.1245000e+03   1.8545842e+18
   1.1487500e+03   1.8755301e+18
   1.1730000e+03   1.8851433e+18
   1.1972500e+03   1.8950695e+18
   1.2215000e+03   1.9054118e+18
   1.2457500e+03   1.9159573e+18
   1.2700000e+03   1.9268176e+18
   1.2942500e+03   1.9379005e+18
   1.3185000e+03   1.9494444e+18
   1.3427500e+03   1.9608582e+18
   1.3670000e+03   1.9730963e+18
   1.3912500e+03   1.9855329e+18
   1.4155000e+03   1.9981504e+18
   1.4397500e+03   2.0110564e+18
   1.4640000e+03   2.0243340e+18
   1.4882500e+03   2.0377714e+18
   1.5125000e+03   2.0289784e+18
   1.5367500e+03   2.0655095e+18
   1.5610000e+03   2.0773193e+18
   1.5852500e+03   2.0941748e+18
   1.6095000e+03   2.1088602e+18
   1.6337500e+03   2.1237644e+18
   1.6580000e+03   2.1390319e+18
   1.6822500e+03   2.1541267e+18
   1.7065000e+03   2.1697772e+18
   1.7307500e+03   2.1853755e+18
   1.7550000e+03   2.1997788e+18
   1.7792500e+03   2.2170214e+18
   1.8035000e+03   2.2328457e+18
   1.8277500e+03   2.2494595e+18
   1.8520000e+03   2.2649959e+18
   1.8762500e+03   2.2817308e+18
   1.9005000e+03   2.2981731e+18
   1.9247500e+03   2.3156883e+18
   1.9490000e+03   2.3311366e+18
   1.9732500e+03   2.3477140e+18
   1.9975000e+03   2.3643983e+18
   2.0217500e+03   2.3812385e+18
   2.0460000e+03   2.3998325e+18
   2.0702500e+03   2.4150646e+18
   2.0945000e+03   2.4184578e+18
   2.1187500e+03   2.4469694e+18
   2.1430000e+03   2.4659678e+18
   2.1672500e+03   2.4830197e+18
   2.1915000e+03   2.5001007e+18
   2.2157500e+03   2.5168710e+18
   2.2400000e+03   2.5339341e+18
   2.2642500e+03   2.5523969e+18
   2.2885000e+03   2.5684280e+18
   2.3127500e+03   2.5857337e+18
   2.3370000e+03   2.6029594e+18
   2.3612500e+03   2.6211475e+18
   2.3855000e+03   2.6371895e+18
   2.4097500e+03   2.6541576e+18
   2.4340000e+03   2.6713818e+18
   2.4582500e+03   2.6896230e+18
   2.4825000e+03   2.6884323e+18
   2.5067500e+03   2.7229691e+18
   2.5310000e+03   2.7389227e+18
   2.5552500e+03   2.7555437e+18
   2.5795000e+03   2.7732707e+18
   2.6037500e+03   2.7894638e+18
   2.6280000e+03   2.8057429e+18
   2.6522500e+03   2.8222914e+18
   2.6765000e+03   2.8387307e+18
   2.7007500e+03   2.8560647e+18
   2.7250000e+03   2.8700697e+18
   2.7492500e+03   2.8864613e+18
   2.7735000e+03   2.9019219e+18
   2.7977500e+03   2.9168202e+18
   2.8220000e+03   2.9329862e+18
   2.8462500e+03   2.9484395e+18
   2.8705000e+03   2.9635845e+18
   2.8947500e+03   2.9789271e+18
   2.9190000e+03   2.9938955e+18
   2.9432500e+03   3.0089946e+18
   2.9675000e+03   3.0238117e+18
   2.9917500e+03   3.0377478e+18
   3.0160000e+03   3.0532939e+18
   3.0402500e+03   3.0174653e+18
   3.0645000e+03   3.0817123e+18
   3.0887500e+03   3.0968271e+18
   3.1130000e+03   3.1056859e+18
   3.1372500e+03   3.1242031e+18
   3.1615000e+03   3.1386329e+18
   3.1857500e+03   3.1551591e+18
   3.2100000e+03   3.1665320e+18
   3.2342500e+03   3.2518142e+18
   3.2585000e+03   3.1936007e+18
   3.2827500e+03   3.2069646e+18
   3.3070000e+03   3.2243199e+18
   3.3312500e+03   3.2380738e+18
   3.3555000e+03   3.2464903e+18
   3.3797500e+03   3.2592001e+18
   3.4040000e+03   3.2720615e+18
   3.4282500e+03   3.2843512e+18
   3.4525000e+03   3.2975655e+18
   3.4767500e+03   3.3098970e+18
   3.5010000e+03   3.3208892e+18
   3.5252500e+03   3.3335332e+18
   3.5495000e+03   3.3455112e+18
   3.5737500e+03   3.3573112e+18
   3.5980000e+03   3.3688618e+18
   3.6222500e+03   3.3803793e+18
   3.6465000e+03   3.3918099e+18
   3.6707500e+03   3.4030485e+18
   3.6950000e+03   3.4142321e+18
   3.7192500e+03   3.4251937e+18
   3.7435000e+03   3.4381717e+18
   3.7677500e+03   3.4466752e+18
   3.7920000e+03   3.4571659e+18
   3.8162500e+03   3.4423408e+18
   3.8405000e+03   3.4778579e+18
   3.8647500e+03   3.5105472e+18
   3.8890000e+03   3.4985009e+18
   3.9132500e+03   3.5082366e+18
   3.9375000e+03   3.5174047e+18
   3.9617500e+03   3.5275321e+18
   3.9860000e+03   3.5382189e+18
   4.0102500e+03   3.5465348e+18
   4.0345000e+03   3.5557529e+18
   4.0587500e+03   3.5649495e+18
   4.0830000e+03   3.5739583e+18
   4.1072500e+03   3.5828259e+18
   4.1315000e+03   3.5915596e+18
   4.1557500e+03   3.5833857e+18
   4.1800000e+03   3.6081374e+18
   4.2042500e+03   3.5723354e+18
   4.2285000e+03   3.6253341e+18
   4.2527500e+03   3.6334331e+18
   4.2770000e+03   3.6414131e+18
   4.3012500e+03   3.6491598e+18
   4.3255000e+03   3.6568623e+18
   4.3497500e+03   3.6644943e+18
   4.3740000e+03   2.6634350e+18
   4.3982500e+03   3.6570436e+18
   4.4225000e+03   3.6866740e+18
   4.4467500e+03   3.6938498e+18
   4.4710000e+03   3.6972174e+18
   4.4952500e+03   3.7089252e+18
   4.5195000e+03   3.7107198e+18
   4.5437500e+03   3.7211570e+18
   4.5680000e+03   3.7276614e+18
   4.5922500e+03   3.7340470e+18
   4.6165000e+03   3.7403158e+18
   4.6407500e+03   3.7464681e+18
   4.6650000e+03   3.7524926e+18
   4.6892500e+03   3.7583895e+18
   4.7135000e+03   3.7640229e+18
   4.7377500e+03   3.7696983e+18
   4.7620000e+03   3.7752583e+18
   4.7862500e+03   3.7806769e+18
   4.8105000e+03   3.7860251e+18
   4.8347500e+03   3.7900836e+18
   4.8590000e+03   3.7951912e+18
   4.8832500e+03   3.8014638e+18
   4.9075000e+03   3.8063558e+18
   4.9317500e+03   3.8111354e+18
   4.9560000e+03   3.8148012e+18
   4.9802500e+03   3.8222370e+18
   5.0045000e+03   3.8248538e+18
   5.0287500e+03   3.8379741e+18
   5.0530000e+03   3.8334701e+18
   5.0772500e+03   3.8375977e+18
   5.1015000e+03   3.8415836e+18
   5.1257500e+03   3.8455069e+18
   5.1500000e+03   3.8491468e+18
   5.1742500e+03   3.8523015e+18
   5.1985000e+03   3.8561683e+18
   5.2227500e+03   3.8600131e+18
   5.2470000e+03   3.8634048e+18
   5.2712500e+03   3.8658013e+18
   5.2955000e+03   3.8700260e+18
   5.3197500e+03   3.8733194e+18
   5.3440000e+03   3.8764260e+18
   5.3682500e+03   3.8797499e+18
   5.3925000e+03   3.8834033e+18
   5.4167500e+03   3.8872107e+18
   5.4410000e+03   3.8832611e+18
   5.4652500e+03   3.8945549e+18
   5.4895000e+03   3.8980875e+18
   5.5137500e+03   3.9022574e+18
   5.5380000e+03   3.9017121e+18
   5.5622500e+03   3.9078567e+18
   5.5865000e+03   3.9109606e+18
   5.6107500e+03   3.9113432e+18
   5.6350000e+03   3.9163677e+18
   5.6592500e+03   3.9189326e+18
   5.6835000e+03   3.9214214e+18
   5.7077500e+03   3.9237839e+18
   5.7320000e+03   3.9260383e+18
   5.7562500e+03   3.9281654e+18
   5.7805000e+03   3.9379291e+18
   5.8047500e+03   3.9323802e+18
   5.8290000e+03   3.9407643e+18
   5.8532500e+03   3.9361051e+18
   5.8775000e+03   3.9378730e+18
   5.9017500e+03   3.9395682e+18
   5.9260000e+03   3.9411625e+18
   5.9502500e+03   3.9434375e+18
   5.9745000e+03   3.9441880e+18
   5.9987500e+03   3.9455866e+18
   6.0230000e+03   3.9468624e+18
   6.0472500e+03   3.9480869e+18
   6.0715000e+03   3.9256615e+18
   6.0957500e+03   3.9503399e+18
   6.1200000e+03   3.9513496e+18
   6.1442500e+03   3.9522459e+18
   6.1685000e+03   3.9531133e+18
   6.1927500e+03   3.9539572e+18
   6.2170000e+03   3.9546872e+18
   6.2412500e+03   3.9553521e+18
   6.2655000e+03   3.9567262e+18
   6.2897500e+03   3.9577923e+18
   6.3140000e+03   3.9331161e+18
   6.3382500e+03   3.9334533e+18
   6.3625000e+03   3.9577934e+18
   6.3867500e+03   3.9581022e+18
   6.4110000e+03   3.9583242e+18
   6.4352500e+03   3.9581076e+18
   6.4595000e+03   3.9587429e+18
   6.4837500e+03   3.9588557e+18
   6.5080000e+03   3.9595659e+18
   6.5322500e+03   3.9572230e+18
   6.5565000e+03   3.9583114e+18
   6.5807500e+03   3.9586855e+18
   6.6050000e+03   3.9584524e+18
   6.6292500e+03   3.9583129e+18
   6.6535000e+03   3.9579588e+18
   6.6777500e+03   3.9289038e+18
   6.7020000e+03   3.9380743e+18
   6.7262500e+03   3.9571996e+18
   6.7505000e+03   3.9567617e+18
   6.7747500e+03   3.9527244e+18
   6.7990000e+03   3.9521140e+18
   6.8232500e+03   3.9515449e+18
   6.8475000e+03   3.9544668e+18
   6.8717500e+03   3.9537950e+18
   6.8960000e+03   3.9530819e+18
   6.9202500e+03   3.9523293e+18
   6.9445000e+03   3.9515146e+18
   6.9687500e+03   3.9656058e+18
   6.9930000e+03   3.9497040e+18
   7.0172500e+03   3.9487657e+18
   7.0415000e+03   3.9477537e+18
   7.0657500e+03   3.9546095e+18
   7.0900000e+03   3.9632896e+18
   7.1142500e+03   3.9445737e+18
   7.1385000e+03   3.9434314e+18
   7.1627500e+03   3.9434460e+18
   7.1870000e+03   3.9615199e+18
   7.2112500e+03   3.9371355e+18
   7.2355000e+03   3.9384310e+18
   7.2597500e+03   3.9371157e+18
   7.2840000e+03   3.9357269e+18
   7.3082500e+03   3.9344462e+18
   7.3325000e+03   3.9344615e+18
   7.3567500e+03   3.9359045e+18
   7.3810000e+03   3.9297770e+18
   7.4052500e+03   3.9286853e+18
   7.4295000e+03   3.9270725e+18
   7.4537500e+03   3.9254240e+18
   7.4780000e+03   3.9237464e+18
   7.5022500e+03   3.9220401e+18
   7.5265000e+03   3.9203056e+18
   7.5507500e+03   3.9185297e+18
   7.5750000e+03   3.9167248e+18
   7.5992500e+03   3.9144034e+18
   7.6235000e+03   3.9125566e+18
   7.6477500e+03   3.9106641e+18
   7.6720000e+03   3.9076417e+18
   7.6962500e+03   3.9060001e+18
   7.7205000e+03   3.9036157e+18
   7.7447500e+03   3.8725855e+18
   7.7690000e+03   3.8700029e+18
   7.7932500e+03   3.8905436e+18
   7.8175000e+03   3.8647653e+18
   7.8417500e+03   3.8906170e+18
   7.8660000e+03   3.8873585e+18
   7.8902500e+03   3.8843931e+18
   7.9145000e+03   3.8810041e+18
   7.9387500e+03   3.8775377e+18
   7.9630000e+03   3.8737085e+18
   7.9872500e+03   3.8697794e+18
   8.0115000e+03   3.8657912e+18
   8.0357500e+03   3.8617862e+18
   8.0600000e+03   3.8559551e+18
   8.0842500e+03   3.8525616e+18
   8.1085000e+03   3.8481880e+18
   8.1327500e+03   3.8439170e+18
   8.1570000e+03   3.8438200e+18
   8.1812500e+03   3.8434435e+18
   8.2055000e+03   3.8433991e+18
   8.2297500e+03   3.8433610e+18
   8.2540000e+03   3.8562574e+18
   8.2782500e+03   3.8395096e+18
   8.3025000e+03   3.8363171e+18
   8.3267500e+03   3.8352027e+18
   8.3510000e+03   3.8329283e+18
   8.3752500e+03   3.8305913e+18
   8.3995000e+03   3.8281979e+18
   8.4237500e+03   3.8256602e+18
   8.4480000e+03   3.8232429e+18
   8.4722500e+03   3.8207751e+18
   8.4965000e+03   3.8182912e+18
   8.5207500e+03   3.8152815e+18
   8.5450000e+03   3.7468776e+18
   8.5692500e+03   3.8078016e+18
   8.5935000e+03   3.8039665e+18
   8.6177500e+03   3.8001011e+18
   8.6420000e+03   3.7960870e+18
   8.6662500e+03   3.7922550e+18
   8.6905000e+03   3.7882752e+18
   8.7147500e+03   3.7843460e+18
   8.7390000e+03   3.7802843e+18
   8.7632500e+03   3.7763157e+18
   8.7875000e+03   3.7723289e+18
   8.8117500e+03   3.7683325e+18
   8.8360000e+03   3.7643884e+18
   8.8602500e+03   3.7604301e+18
   8.8845000e+03   3.7307757e+18
   8.9087500e+03   3.7268486e+18
   8.9330000e+03   3.7208570e+18
   8.9572500e+03   3.7445893e+18
   8.9815000e+03   3.7404668e+18
   9.0057500e+03   3.7363328e+18
   9.0300000e+03   3.7321863e+18
   9.0542500e+03   3.7281977e+18
   9.0785000e+03   3.7242618e+18
   9.1027500e+03   3.7203105e+18
   9.1270000e+03   3.7163842e+18
   9.1512500e+03   3.7125115e+18
   9.1755000e+03   3.7086927e+18
   9.1997500e+03   3.7048635e+18
   9.2240000e+03   3.7012238e+18
   9.2482500e+03   3.6972607e+18
   9.2725000e+03   3.6939681e+18
   9.2967500e+03   3.6912758e+18
   9.3210000e+03   3.6885724e+18
   9.3452500e+03   3.6859077e+18
   9.3695000e+03   3.6832914e+18
   9.3937500e+03   3.6806753e+18
   9.4180000e+03   3.6780097e+18
   9.4422500e+03   3.6754142e+18
   9.4665000e+03   3.6727528e+18
   9.4907500e+03   3.6701152e+18
   9.5150000e+03   3.6674383e+18
   9.5392500e+03   3.6647502e+18
   9.5635000e+03   3.6620257e+18
   9.5877500e+03   3.6592940e+18
   9.6120000e+03   3.6565558e+18
   9.6362500e+03   3.6538111e+18
   9.6605000e+03   3.6638999e+18
   9.6847500e+03   3.6481323e+18
   9.7090000e+03   3.6452840e+18
   9.7332500e+03   3.6424280e+18
   9.7575000e+03   3.6395980e+18
   9.7817500e+03   3.6367936e+18
   9.8060000e+03   3.6339097e+18
   9.8302500e+03   3.6310940e+18
   9.8545000e+03   3.6282760e+18
   9.8787500e+03   3.6255694e+18
   9.9030000e+03   3.6227693e+18
   9.9272500e+03   3.6201289e+18
   9.9515000e+03   3.6174203e+18
   9.9757500e+03   3.6151564e+18
