Material: nickel, G calculated based on spin resolved DFT calculation from Jan Vorberger, sum mino+majo, lattice temperature: 295 K
Temperature [K], G_ep [W/(m^3K)]
10.00	9.966214e+17 
14.99	1.015175e+18 
19.99	1.034455e+18 
24.98	1.054455e+18 
29.98	1.075089e+18 
34.97	1.096192e+18 
39.97	1.117549e+18 
44.96	1.138921e+18 
49.96	1.160079e+18 
54.95	1.180827e+18 
59.95	1.201005e+18 
64.94	1.220503e+18 
69.94	1.239241e+18 
74.93	1.257186e+18 
79.93	1.274312e+18 
84.92	1.290627e+18 
89.92	1.306142e+18 
94.91	1.320891e+18 
99.91	1.334904e+18 
104.90	1.348215e+18 
109.90	1.360867e+18 
114.89	1.372895e+18 
119.89	1.384345e+18 
124.88	1.395242e+18 
129.88	1.405636e+18 
134.87	1.415551e+18 
139.87	1.425018e+18 
144.86	1.434074e+18 
149.86	1.442746e+18 
154.85	1.451055e+18 
159.85	1.459033e+18 
164.84	1.466695e+18 
169.84	1.474069e+18 
174.83	1.481169e+18 
179.83	1.488020e+18 
184.82	1.494633e+18 
189.82	1.501030e+18 
194.81	1.507227e+18 
199.81	1.513232e+18 
204.80	1.519057e+18 
209.80	1.524722e+18 
214.79	1.530232e+18 
219.79	1.535605e+18 
224.78	1.540850e+18 
229.78	1.545971e+18 
234.77	1.550977e+18 
239.77	1.555883e+18 
244.76	1.560690e+18 
249.76	1.565413e+18 
254.75	1.570052e+18 
259.75	1.574612e+18 
264.74	1.579109e+18 
269.74	1.583547e+18 
274.73	1.587917e+18 
279.73	1.592247e+18 
284.72	1.596519e+18 
289.72	1.600751e+18 
294.71	1.604949e+18 
299.71	1.609108e+18 
304.70	1.613232e+18 
309.70	1.617331e+18 
314.69	1.621401e+18 
319.69	1.625453e+18 
324.68	1.629472e+18 
329.68	1.633486e+18 
334.67	1.637471e+18 
339.67	1.641455e+18 
344.66	1.645413e+18 
349.66	1.649364e+18 
354.65	1.653301e+18 
359.65	1.657234e+18 
364.64	1.661155e+18 
369.64	1.665063e+18 
374.63	1.668970e+18 
379.63	1.672867e+18 
384.62	1.676753e+18 
389.62	1.680638e+18 
394.61	1.684523e+18 
399.61	1.688389e+18 
404.60	1.692264e+18 
409.60	1.696119e+18 
414.59	1.699974e+18 
419.59	1.703819e+18 
424.58	1.707662e+18 
429.58	1.711495e+18 
434.57	1.715325e+18 
439.57	1.719144e+18 
444.56	1.722949e+18 
449.56	1.726752e+18 
454.55	1.730551e+18 
459.55	1.734335e+18 
464.54	1.738104e+18 
469.54	1.741856e+18 
474.53	1.745613e+18 
479.53	1.749342e+18 
484.52	1.753063e+18 
489.52	1.756776e+18 
494.51	1.760469e+18 
499.51	1.764152e+18 
504.50	1.767814e+18 
509.50	1.771454e+18 
514.49	1.775092e+18 
519.49	1.778696e+18 
524.48	1.782298e+18 
529.48	1.785862e+18 
534.47	1.789424e+18 
539.47	1.792947e+18 
544.46	1.796465e+18 
549.46	1.799955e+18 
554.45	1.803427e+18 
559.45	1.806870e+18 
564.44	1.810282e+18 
569.44	1.813686e+18 
574.43	1.817059e+18 
579.43	1.820410e+18 
584.42	1.823729e+18 
589.42	1.827026e+18 
594.41	1.830289e+18 
599.41	1.833528e+18 
604.40	1.836744e+18 
609.40	1.839937e+18 
614.39	1.843093e+18 
619.39	1.846223e+18 
624.38	1.849329e+18 
629.38	1.852397e+18 
634.37	1.855439e+18 
639.37	1.858454e+18 
644.36	1.861430e+18 
649.36	1.864379e+18 
654.35	1.867300e+18 
659.35	1.870193e+18 
664.34	1.873046e+18 
669.34	1.875870e+18 
674.33	1.878666e+18 
679.33	1.881432e+18 
684.32	1.884169e+18 
689.32	1.886865e+18 
694.31	1.889531e+18 
699.31	1.892167e+18 
704.30	1.894772e+18 
709.30	1.897336e+18 
714.29	1.899881e+18 
719.29	1.902383e+18 
724.28	1.904855e+18 
729.28	1.907296e+18 
734.27	1.909706e+18 
739.27	1.912073e+18 
744.26	1.914421e+18 
749.26	1.916726e+18 
754.25	1.919012e+18 
759.25	1.921255e+18 
764.24	1.923467e+18 
769.24	1.925647e+18 
774.23	1.927796e+18 
779.23	1.929903e+18 
784.22	1.931990e+18 
789.22	1.934045e+18 
794.21	1.936058e+18 
799.21	1.938052e+18 
804.20	1.940003e+18 
809.20	1.941935e+18 
814.19	1.943824e+18 
819.19	1.945682e+18 
824.18	1.947522e+18 
829.18	1.949319e+18 
834.17	1.951086e+18 
839.17	1.952822e+18 
844.16	1.954539e+18 
849.16	1.956215e+18 
854.15	1.957861e+18 
859.15	1.959477e+18 
864.14	1.961075e+18 
869.14	1.962631e+18 
874.13	1.964158e+18 
879.13	1.965656e+18 
884.12	1.967136e+18 
889.12	1.968576e+18 
894.11	1.969986e+18 
899.11	1.971380e+18 
904.10	1.972733e+18 
909.10	1.974251e+18 
914.09	1.975770e+18 
919.09	1.977268e+18 
924.08	1.978739e+18 
929.08	1.980182e+18 
934.07	1.981591e+18 
939.07	1.982980e+18 
944.06	1.984342e+18 
949.06	1.985678e+18 
954.05	1.986995e+18 
959.05	1.988278e+18 
964.04	1.989535e+18 
969.04	1.990774e+18 
974.03	1.991980e+18 
979.03	1.993167e+18 
984.02	1.994329e+18 
989.02	1.995466e+18 
994.01	1.996578e+18 
999.01	1.997666e+18 
1004.00	1.998729e+18 
1009.00	1.999775e+18 
1013.99	2.000789e+18 
1018.99	2.001787e+18 
1023.98	2.002761e+18 
1028.98	2.003712e+18 
1033.97	2.004639e+18 
1038.97	2.005543e+18 
1043.96	2.006424e+18 
1048.96	2.007290e+18 
1053.95	2.008132e+18 
1058.95	2.008946e+18 
1063.94	2.009751e+18 
1068.94	2.010528e+18 
1073.93	2.011283e+18 
1078.93	2.012022e+18 
1083.92	2.012735e+18 
1088.92	2.013432e+18 
1093.91	2.014109e+18 
1098.91	2.014771e+18 
1103.90	2.015406e+18 
1108.90	2.016027e+18 
1113.89	2.016629e+18 
1118.89	2.017210e+18 
1123.88	2.017771e+18 
1128.88	2.018314e+18 
1133.87	2.018842e+18 
1138.87	2.019352e+18 
1143.86	2.019843e+18 
1148.86	2.020315e+18 
1153.85	2.020768e+18 
1158.85	2.021209e+18 
1163.84	2.021632e+18 
1168.84	2.022037e+18 
1173.83	2.022423e+18 
1178.83	2.022798e+18 
1183.82	2.023150e+18 
1188.82	2.023491e+18 
1193.81	2.023814e+18 
1198.81	2.024126e+18 
1203.80	2.024415e+18 
1208.80	2.024694e+18 
1213.79	2.024956e+18 
1218.79	2.025207e+18 
1223.78	2.025437e+18 
1228.78	2.025657e+18 
1233.77	2.025860e+18 
1238.77	2.026049e+18 
1243.76	2.026227e+18 
1248.76	2.026390e+18 
1253.75	2.026538e+18 
1258.75	2.026671e+18 
1263.74	2.026789e+18 
1268.74	2.026898e+18 
1273.73	2.026993e+18 
1278.73	2.027074e+18 
1283.72	2.027145e+18 
1288.72	2.027203e+18 
1293.71	2.027246e+18 
1298.71	2.027277e+18 
1303.70	2.027298e+18 
1308.70	2.027302e+18 
1313.69	2.027298e+18 
1318.69	2.027285e+18 
1323.68	2.027254e+18 
1328.68	2.027216e+18 
1333.67	2.027165e+18 
1338.67	2.027107e+18 
1343.66	2.027031e+18 
1348.66	2.026948e+18 
1353.65	2.026858e+18 
1358.65	2.026751e+18 
1363.64	2.026638e+18 
1368.64	2.026512e+18 
1373.63	2.026376e+18 
1378.63	2.026232e+18 
1383.62	2.026077e+18 
1388.62	2.025912e+18 
1393.61	2.025735e+18 
1398.61	2.025552e+18 
1403.60	2.025359e+18 
1408.60	2.025155e+18 
1413.59	2.024945e+18 
1418.59	2.024725e+18 
1423.58	2.024494e+18 
1428.58	2.024254e+18 
1433.57	2.024008e+18 
1438.57	2.023752e+18 
1443.56	2.023487e+18 
1448.56	2.023216e+18 
1453.55	2.022936e+18 
1458.55	2.022646e+18 
1463.54	2.022352e+18 
1468.54	2.022045e+18 
1473.53	2.021732e+18 
1478.53	2.021414e+18 
1483.52	2.021085e+18 
1488.52	2.020750e+18 
1493.51	2.020410e+18 
1498.51	2.020059e+18 
1503.50	2.019703e+18 
1508.50	2.019339e+18 
1513.49	2.018970e+18 
1518.49	2.018591e+18 
1523.48	2.018207e+18 
1528.48	2.017818e+18 
1533.47	2.017419e+18 
1538.47	2.017016e+18 
1543.46	2.016605e+18 
1548.46	2.016191e+18 
1553.45	2.015769e+18 
1558.45	2.015340e+18 
1563.44	2.014905e+18 
1568.44	2.014465e+18 
1573.43	2.014019e+18 
1578.43	2.013569e+18 
1583.42	2.013110e+18 
1588.42	2.012647e+18 
1593.41	2.012178e+18 
1598.41	2.011669e+18 
1603.40	2.011157e+18 
1608.40	2.010639e+18 
1613.39	2.010119e+18 
1618.39	2.009593e+18 
1623.38	2.009062e+18 
1628.38	2.008524e+18 
1633.37	2.007985e+18 
1638.37	2.007441e+18 
1643.36	2.006894e+18 
1648.36	2.006339e+18 
1653.35	2.005782e+18 
1658.35	2.005223e+18 
1663.34	2.004656e+18 
1668.34	2.004087e+18 
1673.33	2.003513e+18 
1678.33	2.002938e+18 
1683.32	2.002358e+18 
1688.32	2.001773e+18 
1693.31	2.001184e+18 
1698.31	2.000593e+18 
1703.30	1.999998e+18 
1708.30	1.999402e+18 
1713.29	1.998802e+18 
1718.29	1.998197e+18 
1723.28	1.997588e+18 
1728.28	1.996978e+18 
1733.27	1.996364e+18 
1738.27	1.995747e+18 
1743.26	1.995128e+18 
1748.26	1.994506e+18 
1753.25	1.993880e+18 
1758.25	1.993250e+18 
1763.24	1.992620e+18 
1768.24	1.991988e+18 
1773.23	1.991351e+18 
1778.23	1.990713e+18 
1783.22	1.990072e+18 
1788.22	1.989428e+18 
1793.21	1.988783e+18 
1798.21	1.988134e+18 
1803.20	1.987486e+18 
1808.20	1.986832e+18 
1813.19	1.986180e+18 
1818.19	1.985522e+18 
1823.18	1.984865e+18 
1828.18	1.984204e+18 
1833.17	1.983541e+18 
1838.17	1.982876e+18 
1843.16	1.982210e+18 
1848.16	1.981544e+18 
1853.15	1.980873e+18 
1858.15	1.980202e+18 
1863.14	1.979529e+18 
1868.14	1.978856e+18 
1873.13	1.978179e+18 
1878.13	1.977503e+18 
1883.12	1.976823e+18 
1888.12	1.976144e+18 
1893.11	1.975462e+18 
1898.11	1.974779e+18 
1903.10	1.974095e+18 
1908.10	1.973410e+18 
1913.09	1.972723e+18 
1918.09	1.972036e+18 
1923.08	1.971347e+18 
1928.08	1.970657e+18 
1933.07	1.969967e+18 
1938.07	1.969276e+18 
1943.06	1.968583e+18 
1948.06	1.967889e+18 
1953.05	1.967195e+18 
1958.05	1.966499e+18 
1963.04	1.965804e+18 
1968.04	1.965108e+18 
1973.03	1.964410e+18 
1978.03	1.963712e+18 
1983.02	1.963014e+18 
1988.02	1.962314e+18 
1993.01	1.961614e+18 
1998.01	1.960914e+18 
2003.00	1.960214e+18 
2008.00	1.959512e+18 
2012.99	1.958811e+18 
2017.99	1.958108e+18 
2022.98	1.957406e+18 
2027.98	1.956703e+18 
2032.97	1.956000e+18 
2037.97	1.955296e+18 
2042.96	1.954592e+18 
2047.96	1.953889e+18 
2052.95	1.953185e+18 
2057.95	1.952482e+18 
2062.94	1.951777e+18 
2067.94	1.951072e+18 
2072.93	1.950369e+18 
2077.93	1.949664e+18 
2082.92	1.948959e+18 
2087.92	1.948255e+18 
2092.91	1.947551e+18 
2097.91	1.946847e+18 
2102.90	1.946142e+18 
2107.90	1.945438e+18 
2112.89	1.944734e+18 
2117.89	1.944031e+18 
2122.88	1.943327e+18 
2127.88	1.942624e+18 
2132.87	1.941921e+18 
2137.87	1.941218e+18 
2142.86	1.940516e+18 
2147.86	1.939814e+18 
2152.85	1.939112e+18 
2157.85	1.938411e+18 
2162.84	1.937709e+18 
2167.84	1.937009e+18 
2172.83	1.936309e+18 
2177.83	1.935609e+18 
2182.82	1.934910e+18 
2187.82	1.934211e+18 
2192.81	1.933513e+18 
2197.81	1.932815e+18 
2202.80	1.932118e+18 
2207.80	1.931421e+18 
2212.79	1.930725e+18 
2217.79	1.930029e+18 
2222.78	1.929335e+18 
2227.78	1.928640e+18 
2232.77	1.927947e+18 
2237.77	1.927253e+18 
2242.76	1.926561e+18 
2247.76	1.925869e+18 
2252.75	1.925179e+18 
2257.75	1.924489e+18 
2262.74	1.923799e+18 
2267.74	1.923111e+18 
2272.73	1.922423e+18 
2277.73	1.921736e+18 
2282.72	1.921050e+18 
2287.72	1.920364e+18 
2292.71	1.919680e+18 
2297.71	1.918996e+18 
2302.70	1.918314e+18 
2307.70	1.917632e+18 
2312.69	1.916951e+18 
2317.69	1.916271e+18 
2322.68	1.915591e+18 
2327.68	1.914913e+18 
2332.67	1.914236e+18 
2337.67	1.913560e+18 
2342.66	1.912884e+18 
2347.66	1.912210e+18 
2352.65	1.911537e+18 
2357.65	1.910864e+18 
2362.64	1.910193e+18 
2367.64	1.909523e+18 
2372.63	1.908854e+18 
2377.63	1.908185e+18 
2382.62	1.907518e+18 
2387.62	1.906852e+18 
2392.61	1.906187e+18 
2397.61	1.905523e+18 
2402.60	1.904861e+18 
2407.60	1.904199e+18 
2412.59	1.903538e+18 
2417.59	1.902879e+18 
2422.58	1.902220e+18 
2427.58	1.901563e+18 
2432.57	1.900907e+18 
2437.57	1.900252e+18 
2442.56	1.899599e+18 
2447.56	1.898946e+18 
2452.55	1.898295e+18 
2457.55	1.897644e+18 
2462.54	1.896996e+18 
2467.54	1.896348e+18 
2472.53	1.895701e+18 
2477.53	1.895055e+18 
2482.52	1.894412e+18 
2487.52	1.893768e+18 
2492.51	1.893126e+18 
2497.51	1.892486e+18 
2502.50	1.891847e+18 
2507.50	1.891209e+18 
2512.49	1.890572e+18 
2517.49	1.889936e+18 
2522.48	1.889302e+18 
2527.48	1.888669e+18 
2532.47	1.888037e+18 
2537.47	1.887407e+18 
2542.46	1.886778e+18 
2547.46	1.886150e+18 
2552.45	1.885523e+18 
2557.45	1.884897e+18 
2562.44	1.884273e+18 
2567.44	1.883651e+18 
2572.43	1.883029e+18 
2577.43	1.882409e+18 
2582.42	1.881790e+18 
2587.42	1.881172e+18 
2592.41	1.880556e+18 
2597.41	1.879941e+18 
2602.40	1.879327e+18 
2607.40	1.878715e+18 
2612.39	1.878103e+18 
2617.39	1.877494e+18 
2622.38	1.876885e+18 
2627.38	1.876277e+18 
2632.37	1.875672e+18 
2637.37	1.875067e+18 
2642.36	1.874464e+18 
2647.36	1.873862e+18 
2652.35	1.873261e+18 
2657.35	1.872662e+18 
2662.34	1.872063e+18 
2667.34	1.871466e+18 
2672.33	1.870871e+18 
2677.33	1.870277e+18 
2682.32	1.869684e+18 
2687.32	1.869067e+18 
2692.31	1.868449e+18 
2697.31	1.867831e+18 
2702.30	1.867213e+18 
2707.30	1.866595e+18 
2712.29	1.865981e+18 
2717.29	1.865366e+18 
2722.28	1.864753e+18 
2727.28	1.864142e+18 
2732.27	1.863531e+18 
2737.27	1.862921e+18 
2742.26	1.862313e+18 
2747.26	1.861706e+18 
2752.25	1.861098e+18 
2757.25	1.860493e+18 
2762.24	1.859889e+18 
2767.24	1.859286e+18 
2772.23	1.858684e+18 
2777.23	1.858082e+18 
2782.22	1.857483e+18 
2787.22	1.856885e+18 
2792.21	1.856287e+18 
2797.21	1.855690e+18 
2802.20	1.855095e+18 
2807.20	1.854500e+18 
2812.19	1.853906e+18 
2817.19	1.853314e+18 
2822.18	1.852724e+18 
2827.18	1.852134e+18 
2832.17	1.851545e+18 
2837.17	1.850958e+18 
2842.16	1.850371e+18 
2847.16	1.849785e+18 
2852.15	1.849200e+18 
2857.15	1.848616e+18 
2862.14	1.848035e+18 
2867.14	1.847453e+18 
2872.13	1.846872e+18 
2877.13	1.846293e+18 
2882.12	1.845716e+18 
2887.12	1.845138e+18 
2892.11	1.844562e+18 
2897.11	1.843987e+18 
2902.10	1.843414e+18 
2907.10	1.842841e+18 
2912.09	1.842268e+18 
2917.09	1.841698e+18 
2922.08	1.841127e+18 
2927.08	1.840560e+18 
2932.07	1.839992e+18 
2937.07	1.839425e+18 
2942.06	1.838859e+18 
2947.06	1.838295e+18 
2952.05	1.837731e+18 
2957.05	1.837167e+18 
2962.04	1.836606e+18 
2967.04	1.836045e+18 
2972.03	1.835485e+18 
2977.03	1.834927e+18 
2982.02	1.834370e+18 
2987.02	1.833813e+18 
2992.01	1.833257e+18 
2997.01	1.832702e+18 
3002.00	1.832148e+18 
3007.00	1.831594e+18 
3011.99	1.831045e+18 
3016.99	1.830492e+18 
3021.98	1.829943e+18 
3026.98	1.829394e+18 
3031.97	1.828846e+18 
3036.97	1.828299e+18 
3041.96	1.827754e+18 
3046.96	1.827209e+18 
3051.95	1.826664e+18 
3056.95	1.826122e+18 
3061.94	1.825578e+18 
3066.94	1.825038e+18 
3071.93	1.824498e+18 
3076.93	1.823959e+18 
3081.92	1.823419e+18 
3086.92	1.822881e+18 
3091.91	1.822346e+18 
3096.91	1.821809e+18 
3101.90	1.821275e+18 
3106.90	1.820740e+18 
3111.89	1.820207e+18 
3116.89	1.819675e+18 
3121.88	1.819145e+18 
3126.88	1.818613e+18 
3131.87	1.818086e+18 
3136.87	1.817557e+18 
3141.86	1.817028e+18 
3146.86	1.816503e+18 
3151.85	1.815976e+18 
3156.85	1.815451e+18 
3161.84	1.814925e+18 
3166.84	1.814403e+18 
3171.83	1.813880e+18 
3176.83	1.813358e+18 
3181.82	1.812837e+18 
3186.82	1.812318e+18 
3191.81	1.811798e+18 
3196.81	1.811280e+18 
3201.80	1.810762e+18 
3206.80	1.810244e+18 
3211.79	1.809730e+18 
3216.79	1.809214e+18 
3221.78	1.808700e+18 
3226.78	1.808185e+18 
3231.77	1.807673e+18 
3236.77	1.807161e+18 
3241.76	1.806649e+18 
3246.76	1.806137e+18 
3251.75	1.805629e+18 
3256.75	1.805119e+18 
3261.74	1.804611e+18 
3266.74	1.804104e+18 
3271.73	1.803596e+18 
3276.73	1.803092e+18 
3281.72	1.802587e+18 
3286.72	1.802083e+18 
3291.71	1.801577e+18 
3296.71	1.801076e+18 
3301.70	1.800573e+18 
3306.70	1.800072e+18 
3311.69	1.799570e+18 
3316.69	1.799071e+18 
3321.68	1.798571e+18 
3326.68	1.798073e+18 
3331.67	1.797575e+18 
3336.67	1.797077e+18 
3341.66	1.796582e+18 
3346.66	1.796086e+18 
3351.65	1.795591e+18 
3356.65	1.795095e+18 
3361.64	1.794603e+18 
3366.64	1.794110e+18 
3371.63	1.793617e+18 
3376.63	1.793126e+18 
3381.62	1.792634e+18 
3386.62	1.792142e+18 
3391.61	1.791655e+18 
3396.61	1.791266e+18 
3401.60	1.790970e+18 
3406.60	1.790677e+18 
3411.59	1.790383e+18 
3416.59	1.790092e+18 
3421.58	1.789801e+18 
3426.58	1.789511e+18 
3431.57	1.789223e+18 
3436.57	1.788935e+18 
3441.56	1.788648e+18 
3446.56	1.788363e+18 
3451.55	1.788078e+18 
3456.55	1.787794e+18 
3461.54	1.787512e+18 
3466.54	1.787230e+18 
3471.53	1.786950e+18 
3476.53	1.786670e+18 
3481.52	1.786391e+18 
3486.52	1.786113e+18 
3491.51	1.785837e+18 
3496.51	1.785561e+18 
3501.50	1.785286e+18 
3506.50	1.785012e+18 
3511.49	1.784739e+18 
3516.49	1.784467e+18 
3521.48	1.784196e+18 
3526.48	1.783926e+18 
3531.47	1.783656e+18 
3536.47	1.783388e+18 
3541.46	1.783121e+18 
3546.46	1.782854e+18 
3551.45	1.782588e+18 
3556.45	1.782324e+18 
3561.44	1.782060e+18 
3566.44	1.781796e+18 
3571.43	1.781534e+18 
3576.43	1.781273e+18 
3581.42	1.781012e+18 
3586.42	1.780753e+18 
3591.41	1.780494e+18 
3596.41	1.780235e+18 
3601.40	1.779978e+18 
3606.40	1.779722e+18 
3611.39	1.779466e+18 
3616.39	1.779212e+18 
3621.38	1.778957e+18 
3626.38	1.778704e+18 
3631.37	1.778452e+18 
3636.37	1.778201e+18 
3641.36	1.777950e+18 
3646.36	1.777700e+18 
3651.35	1.777451e+18 
3656.35	1.777203e+18 
3661.34	1.776955e+18 
3666.34	1.776708e+18 
3671.33	1.776462e+18 
3676.33	1.776217e+18 
3681.32	1.775972e+18 
3686.32	1.775729e+18 
3691.31	1.775486e+18 
3696.31	1.775244e+18 
3701.30	1.775002e+18 
3706.30	1.774762e+18 
3711.29	1.774521e+18 
3716.29	1.774282e+18 
3721.28	1.774043e+18 
3726.28	1.773805e+18 
3731.27	1.773568e+18 
3736.27	1.773331e+18 
3741.26	1.773095e+18 
3746.26	1.772860e+18 
3751.25	1.772625e+18 
3756.25	1.772391e+18 
3761.24	1.772158e+18 
3766.24	1.771925e+18 
3771.23	1.771694e+18 
3776.23	1.771462e+18 
3781.22	1.771232e+18 
3786.22	1.771002e+18 
3791.21	1.770773e+18 
3796.21	1.770544e+18 
3801.20	1.770316e+18 
3806.20	1.770089e+18 
3811.19	1.769862e+18 
3816.19	1.769636e+18 
3821.18	1.769411e+18 
3826.18	1.769186e+18 
3831.17	1.768961e+18 
3836.17	1.768737e+18 
3841.16	1.768515e+18 
3846.16	1.768293e+18 
3851.15	1.768071e+18 
3856.15	1.767842e+18 
3861.14	1.767143e+18 
3866.14	1.766443e+18 
3871.13	1.765745e+18 
3876.13	1.765048e+18 
3881.12	1.764347e+18 
3886.12	1.763647e+18 
3891.11	1.762949e+18 
3896.11	1.762251e+18 
3901.10	1.761556e+18 
3906.10	1.760860e+18 
3911.09	1.760162e+18 
3916.09	1.759464e+18 
3921.08	1.758767e+18 
3926.08	1.758066e+18 
3931.07	1.757372e+18 
3936.07	1.756674e+18 
3941.06	1.755977e+18 
3946.06	1.755281e+18 
3951.05	1.754587e+18 
3956.05	1.753894e+18 
3961.04	1.753196e+18 
3966.04	1.752501e+18 
3971.03	1.751805e+18 
3976.03	1.751112e+18 
3981.02	1.750419e+18 
3986.02	1.749723e+18 
3991.01	1.749027e+18 
3996.01	1.748332e+18 
4001.00	1.747640e+18 
4006.00	1.746948e+18 
4010.99	1.746252e+18 
4015.99	1.745557e+18 
4020.98	1.744864e+18 
4025.98	1.744171e+18 
4030.97	1.743480e+18 
4035.97	1.742785e+18 
4040.96	1.742097e+18 
4045.96	1.741403e+18 
4050.95	1.740712e+18 
4055.95	1.740022e+18 
4060.94	1.739328e+18 
4065.94	1.738640e+18 
4070.93	1.737947e+18 
4075.93	1.737257e+18 
4080.92	1.736567e+18 
4085.92	1.735872e+18 
4090.91	1.735185e+18 
4095.91	1.734493e+18 
4100.90	1.733803e+18 
4105.90	1.733114e+18 
4110.89	1.732426e+18 
4115.89	1.731734e+18 
4120.88	1.731048e+18 
4125.88	1.730358e+18 
4130.87	1.729669e+18 
4135.87	1.728976e+18 
4140.86	1.728290e+18 
4145.86	1.727604e+18 
4150.85	1.726915e+18 
4155.85	1.726227e+18 
4160.84	1.725540e+18 
4165.84	1.724848e+18 
4170.83	1.724164e+18 
4175.83	1.723474e+18 
4180.82	1.722787e+18 
4185.82	1.722101e+18 
4190.81	1.721415e+18 
4195.81	1.720732e+18 
4200.80	1.720042e+18 
4205.80	1.719361e+18 
4210.79	1.718674e+18 
4215.79	1.717990e+18 
4220.78	1.717301e+18 
4225.78	1.716618e+18 
4230.77	1.715931e+18 
4235.77	1.715251e+18 
4240.76	1.714689e+18 
4245.76	1.714126e+18 
4250.75	1.713565e+18 
4255.75	1.713000e+18 
4260.74	1.712440e+18 
4265.74	1.711877e+18 
4270.73	1.711315e+18 
4275.73	1.710750e+18 
4280.72	1.710190e+18 
4285.72	1.709625e+18 
4290.71	1.709067e+18 
4295.71	1.708506e+18 
4300.70	1.707944e+18 
4305.70	1.707380e+18 
4310.69	1.706821e+18 
4315.69	1.706259e+18 
4320.68	1.705701e+18 
4325.68	1.705140e+18 
4330.67	1.704577e+18 
4335.67	1.704018e+18 
4340.66	1.703460e+18 
4345.66	1.702899e+18 
4350.65	1.702339e+18 
4355.65	1.701779e+18 
4360.64	1.701221e+18 
4365.64	1.700662e+18 
4370.63	1.700101e+18 
4375.63	1.699541e+18 
4380.62	1.698981e+18 
4385.62	1.698423e+18 
4390.61	1.697865e+18 
4395.61	1.697308e+18 
4400.60	1.696748e+18 
4405.60	1.696193e+18 
4410.59	1.695634e+18 
4415.59	1.695077e+18 
4420.58	1.694516e+18 
4425.58	1.693959e+18 
4430.57	1.693400e+18 
4435.57	1.692846e+18 
4440.56	1.692289e+18 
4445.56	1.691732e+18 
4450.55	1.691172e+18 
4455.55	1.690617e+18 
4460.54	1.690062e+18 
4465.54	1.689505e+18 
4470.53	1.688948e+18 
4475.53	1.688393e+18 
4480.52	1.687838e+18 
4485.52	1.687280e+18 
4490.51	1.686726e+18 
4495.51	1.686170e+18 
4500.50	1.685614e+18 
4505.50	1.685059e+18 
4510.49	1.684505e+18 
4515.49	1.683948e+18 
4520.48	1.683395e+18 
4525.48	1.682839e+18 
4530.47	1.682284e+18 
4535.47	1.681729e+18 
4540.46	1.681176e+18 
4545.46	1.680619e+18 
4550.45	1.680068e+18 
4555.45	1.679512e+18 
4560.44	1.678957e+18 
4565.44	1.678404e+18 
4570.43	1.677815e+18 
4575.43	1.677044e+18 
4580.42	1.676268e+18 
4585.42	1.675499e+18 
4590.41	1.674726e+18 
4595.41	1.673954e+18 
4600.40	1.673183e+18 
4605.40	1.672407e+18 
4610.39	1.671639e+18 
4615.39	1.670866e+18 
4620.38	1.670094e+18 
4625.38	1.669324e+18 
4630.37	1.668555e+18 
4635.37	1.667787e+18 
4640.36	1.667020e+18 
4645.36	1.666249e+18 
4650.35	1.665480e+18 
4655.35	1.664710e+18 
4660.34	1.663943e+18 
4665.34	1.663177e+18 
4670.33	1.662412e+18 
4675.33	1.661642e+18 
4680.32	1.660874e+18 
4685.32	1.660113e+18 
4690.31	1.659347e+18 
4695.31	1.658577e+18 
4700.30	1.657813e+18 
4705.30	1.657051e+18 
4710.29	1.656284e+18 
4715.29	1.655518e+18 
4720.28	1.654755e+18 
4725.28	1.653992e+18 
4730.27	1.653229e+18 
4735.27	1.652463e+18 
4740.26	1.651704e+18 
4745.26	1.650941e+18 
4750.25	1.650177e+18 
4755.25	1.649416e+18 
4760.24	1.648657e+18 
4765.24	1.647897e+18 
4770.23	1.647134e+18 
4775.23	1.646378e+18 
4780.22	1.645616e+18 
4785.22	1.644856e+18 
4790.21	1.644097e+18 
4795.21	1.643340e+18 
4800.20	1.642579e+18 
4805.20	1.641823e+18 
4810.19	1.641065e+18 
4815.19	1.640307e+18 
4820.18	1.639549e+18 
4825.18	1.638794e+18 
4830.17	1.638039e+18 
4835.17	1.637281e+18 
4840.16	1.636523e+18 
4845.16	1.635773e+18 
4850.15	1.635018e+18 
4855.15	1.634264e+18 
4860.14	1.633506e+18 
4865.14	1.632754e+18 
4870.13	1.632004e+18 
4875.13	1.631223e+18 
4880.12	1.630353e+18 
4885.12	1.629481e+18 
4890.11	1.628613e+18 
4895.11	1.627746e+18 
4900.10	1.626874e+18 
4905.10	1.626009e+18 
4910.09	1.625140e+18 
4915.09	1.624273e+18 
4920.08	1.623406e+18 
4925.08	1.622543e+18 
4930.07	1.621680e+18 
4935.07	1.620818e+18 
4940.06	1.619951e+18 
4945.06	1.619087e+18 
4950.05	1.618223e+18 
4955.05	1.617361e+18 
4960.04	1.616502e+18 
4965.04	1.615643e+18 
4970.03	1.614786e+18 
4975.03	1.613923e+18 
4980.02	1.613063e+18 
4985.02	1.612204e+18 
4990.01	1.611347e+18 
4995.01	1.610490e+18 
5000.00	1.609636e+18 