1.176999999999999991e-01
3.531000000000000250e-01
5.885000000000000231e-01
8.239000000000000767e-01
1.059300000000000130e+00
1.294699999999999962e+00
1.530100000000000238e+00
1.765499999999999847e+00
2.000900000000000123e+00
2.236300000000000399e+00
2.471700000000000674e+00
2.707100000000000950e+00
2.942500000000001226e+00
3.177900000000001057e+00
3.413300000000001333e+00
3.648700000000001609e+00
3.884100000000001884e+00
4.119500000000002160e+00
4.354900000000002436e+00
4.590300000000002711e+00
4.825700000000002987e+00
5.061100000000003263e+00
5.296500000000003539e+00
5.531900000000002926e+00
5.767300000000003202e+00
6.002700000000003477e+00
6.238100000000003753e+00
6.473500000000004029e+00
6.708900000000004304e+00
6.944300000000004580e+00
7.179700000000004856e+00
7.415100000000005132e+00
7.650500000000005407e+00
7.885900000000005683e+00
8.121300000000005070e+00
8.356700000000005346e+00
8.592100000000005622e+00
8.827500000000005898e+00
9.046950000000006042e+00
9.250450000000006057e+00
9.453950000000007847e+00
9.657450000000007861e+00
9.860950000000009652e+00
1.006445000000000967e+01
1.026795000000001146e+01
1.047145000000001147e+01
1.067495000000001149e+01
1.087845000000001328e+01
1.108195000000001329e+01
1.128545000000001508e+01
1.148895000000001509e+01
1.169245000000001689e+01
1.189595000000001690e+01
1.209945000000001691e+01
1.230295000000001870e+01
1.250645000000001872e+01
1.270995000000002051e+01
1.291345000000002052e+01
1.311695000000002231e+01
1.332045000000002233e+01
1.352395000000002234e+01
1.372745000000002413e+01
1.393095000000002415e+01
1.413445000000002594e+01
1.433795000000002595e+01
1.454145000000002774e+01
1.474495000000002776e+01
1.494845000000002777e+01
1.515195000000002779e+01
1.535545000000002602e+01
1.555895000000002604e+01
1.576245000000002427e+01
1.596595000000002429e+01
1.616945000000002253e+01
1.637295000000002076e+01
1.657645000000002256e+01
1.677995000000002079e+01
1.698345000000001903e+01
1.718695000000001727e+01
1.739045000000001906e+01
1.759395000000001730e+01
1.779745000000001554e+01
1.800095000000001377e+01
1.820445000000001556e+01
1.840795000000001380e+01
1.861145000000001204e+01
1.881495000000001028e+01
1.901845000000001207e+01
1.922195000000001031e+01
1.942545000000000854e+01
1.962895000000000678e+01
1.983245000000000857e+01
2.003595000000000681e+01
2.023945000000000505e+01
2.044295000000000329e+01
2.064645000000000508e+01
2.084995000000000331e+01
2.105345000000000155e+01
2.125694999999999979e+01
2.146045000000000158e+01
2.166394999999999982e+01
2.186744999999999806e+01
2.207094999999999629e+01
2.227444999999999808e+01
2.247794999999999632e+01
2.268144999999999456e+01
2.288494999999999280e+01
2.308844999999999459e+01
2.329194999999999283e+01
2.349544999999999106e+01
2.369894999999998930e+01
2.390244999999999109e+01
2.410594999999998933e+01
2.430944999999998757e+01
2.451294999999998581e+01
2.471644999999998760e+01
2.491994999999998583e+01
2.512344999999998407e+01
2.532694999999998231e+01
2.553044999999998410e+01
2.573394999999998234e+01
2.593744999999998058e+01
2.614094999999997881e+01
2.634444999999998061e+01
2.654794999999997884e+01
2.675144999999997708e+01
2.695494999999997532e+01
2.715844999999997711e+01
2.736194999999997535e+01
2.756544999999997358e+01
2.776894999999997182e+01
2.797244999999997361e+01
2.817594999999997185e+01
2.837944999999997009e+01
2.858294999999996833e+01
2.878644999999997012e+01
2.898994999999996836e+01
2.919344999999996659e+01
2.939694999999996483e+01
2.960044999999996662e+01
2.980394999999996841e+01
3.000744999999996665e+01
3.021094999999996489e+01
3.041444999999996313e+01
3.061794999999996492e+01
3.082144999999996315e+01
3.102494999999996139e+01
3.122844999999995963e+01
3.143194999999996142e+01
3.163544999999995966e+01
3.183894999999995790e+01
3.204244999999995969e+01
3.224594999999995792e+01
3.244944999999995616e+01
3.265294999999995440e+01
3.285644999999995264e+01
3.305994999999995088e+01
3.326344999999994911e+01
3.346694999999995446e+01
3.367044999999995269e+01
3.387394999999995093e+01
3.407744999999994917e+01
3.432214999999994376e+01
3.460804999999994891e+01
3.489394999999994695e+01
3.517984999999995210e+01
3.546574999999995015e+01
3.575164999999995530e+01
3.603754999999995334e+01
3.632344999999995139e+01
3.660934999999995654e+01
3.689524999999995458e+01
3.718114999999995973e+01
3.746704999999995778e+01
3.775294999999996293e+01
3.803884999999996097e+01
3.832474999999996612e+01
3.861064999999996417e+01
3.889654999999996221e+01
3.918244999999996736e+01
3.946834999999996541e+01
3.975424999999997056e+01
4.004014999999996860e+01
4.032604999999997375e+01
4.061194999999997179e+01
4.089784999999997694e+01
4.118374999999997499e+01
4.146964999999997303e+01
4.175554999999997818e+01
4.204144999999997623e+01
4.232734999999998138e+01
4.261324999999997942e+01
4.289914999999998457e+01
4.318504999999998262e+01
4.347094999999998777e+01
4.375684999999998581e+01
4.404274999999998386e+01
4.432864999999998901e+01
4.461454999999998705e+01
4.490044999999999220e+01
4.518634999999999025e+01
4.547224999999999540e+01
4.575814999999999344e+01
4.604404999999999859e+01
4.632994999999999663e+01
4.661585000000000178e+01
4.690174999999999983e+01
4.718764999999999787e+01
4.747355000000000302e+01
4.775945000000000107e+01
4.804535000000000622e+01
4.833125000000000426e+01
4.861715000000000941e+01
4.890305000000000746e+01
4.918895000000001261e+01
4.947485000000001065e+01
4.976075000000000870e+01
5.004665000000001385e+01
5.033255000000001189e+01
5.061845000000001704e+01
5.090435000000001509e+01
5.119025000000002024e+01
5.147615000000001828e+01
5.176205000000002343e+01
5.204795000000002148e+01
5.233385000000001952e+01
5.261975000000002467e+01
5.290565000000002271e+01
5.319155000000002786e+01
5.347745000000002591e+01
5.376335000000003106e+01
5.404925000000002910e+01
5.433515000000003425e+01
5.462105000000003230e+01
5.490695000000003034e+01
5.519285000000003549e+01
5.547875000000003354e+01
5.576465000000003869e+01
5.605055000000003673e+01
5.633645000000004188e+01
5.662235000000003993e+01
5.690825000000004508e+01
5.719415000000004312e+01
5.748005000000004117e+01
5.776595000000004632e+01
5.805185000000004436e+01
5.833775000000004951e+01
5.862365000000004756e+01
5.890955000000005271e+01
5.919545000000005075e+01
5.948135000000005590e+01
5.976725000000004684e+01
6.005315000000005199e+01
6.033905000000005003e+01
6.062495000000004808e+01
6.091085000000005323e+01
6.119675000000005127e+01
6.148265000000005642e+01
6.176855000000005447e+01
6.205445000000005962e+01
6.234035000000005766e+01
6.262625000000006281e+01
6.291215000000006086e+01
6.319805000000006601e+01
6.348395000000006405e+01
6.376985000000006210e+01
6.405575000000006014e+01
6.434165000000007240e+01
6.462755000000007044e+01
6.491345000000006848e+01
6.519935000000006653e+01
6.548525000000007878e+01
6.577115000000007683e+01
6.605705000000007487e+01
6.634295000000007292e+01
6.662885000000007096e+01
6.691475000000008322e+01
6.720065000000008126e+01
6.748655000000007931e+01
6.777245000000007735e+01
6.805835000000008961e+01
6.834425000000008765e+01
6.863015000000008570e+01
6.891605000000008374e+01
6.920195000000008179e+01
6.948785000000009404e+01
6.977375000000009209e+01
7.005965000000009013e+01
7.034555000000008818e+01
7.063145000000010043e+01
7.091735000000009848e+01
7.120325000000009652e+01
7.148915000000009456e+01
7.177505000000009261e+01
7.206095000000010486e+01
7.234685000000010291e+01
7.263275000000010095e+01
7.291865000000009900e+01
7.320455000000011125e+01
7.349045000000010930e+01
7.377635000000010734e+01
7.406225000000010539e+01
7.434815000000010343e+01
7.463405000000011569e+01
7.491995000000011373e+01
7.520585000000011178e+01
7.549175000000010982e+01
7.577765000000012208e+01
7.606355000000012012e+01
7.634945000000011817e+01
7.663535000000011621e+01
7.692125000000011426e+01
7.720715000000012651e+01
7.749305000000012456e+01
7.777895000000012260e+01
7.806485000000012064e+01
7.835075000000013290e+01
7.863665000000013094e+01
7.892255000000012899e+01
7.920845000000012703e+01
7.949435000000013929e+01
7.978025000000013733e+01
8.006615000000013538e+01
8.035205000000013342e+01
8.063795000000013147e+01
8.092385000000014372e+01
8.120975000000014177e+01
8.149565000000013981e+01
8.178155000000013786e+01
8.206745000000015011e+01
8.235335000000014816e+01
8.263925000000014620e+01
8.292515000000014425e+01
8.321105000000014229e+01
8.349695000000015455e+01
8.378285000000015259e+01
8.406875000000015064e+01
8.435465000000014868e+01
8.464055000000016094e+01
8.492645000000015898e+01
8.521235000000015702e+01
8.549825000000015507e+01
8.578415000000015311e+01
8.607005000000016537e+01
8.635595000000016341e+01
8.664185000000016146e+01
8.692775000000015950e+01
8.721365000000017176e+01
8.749955000000016980e+01
8.778545000000016785e+01
8.807135000000016589e+01
8.835725000000016394e+01
8.864315000000017619e+01
8.892905000000017424e+01
8.921495000000017228e+01
8.950085000000017033e+01
8.978675000000018258e+01
9.007265000000018063e+01
9.035855000000017867e+01
9.064445000000017671e+01
9.093035000000017476e+01
9.121625000000018701e+01
9.150215000000018506e+01
9.178805000000018310e+01
9.207395000000018115e+01
9.235985000000019340e+01
9.264575000000019145e+01
9.293165000000018949e+01
9.321755000000018754e+01
9.350345000000018558e+01
9.378935000000019784e+01
9.407525000000019588e+01
9.436115000000019393e+01
9.464705000000019197e+01
9.493295000000020423e+01
9.521885000000020227e+01
9.550475000000020032e+01
9.579065000000019836e+01
9.607655000000019641e+01
9.636245000000020866e+01
9.664835000000020671e+01
9.693425000000020475e+01
9.722015000000020279e+01
9.750605000000021505e+01
9.779195000000021309e+01
9.807785000000021114e+01
9.836375000000020918e+01
9.864965000000020723e+01
9.893555000000021948e+01
9.922145000000021753e+01
9.950735000000021557e+01
9.979325000000021362e+01
1.000791500000002259e+02
1.003650500000002239e+02
1.006509500000002220e+02
1.009368500000002200e+02
1.012227500000002181e+02
1.015086500000002303e+02
1.017945500000002284e+02
1.020804500000002264e+02
1.023663500000002244e+02
1.026522500000002367e+02
1.029381500000002347e+02
1.032240500000002328e+02
1.035099500000002308e+02
1.037958500000002431e+02
1.040817500000002411e+02
1.043676500000002392e+02
1.046535500000002372e+02
1.049394500000002353e+02
1.052253500000002475e+02
1.055112500000002456e+02
1.057971500000002436e+02
1.060830500000002417e+02
1.063689500000002539e+02
1.066548500000002520e+02
1.069407500000002500e+02
1.072266500000002480e+02
1.075125500000002461e+02
1.077984500000002583e+02
1.080843500000002564e+02
1.083702500000002544e+02
1.086561500000002525e+02
1.089420500000002647e+02
1.092279500000002628e+02
1.095138500000002608e+02
1.097997500000002589e+02
1.100856500000002569e+02
1.103715500000002692e+02
1.106574500000002672e+02
1.109433500000002653e+02
1.112292500000002633e+02
1.115151500000002756e+02
1.118010500000002736e+02
1.120869500000002716e+02
1.123728500000002697e+02
1.126587500000002677e+02
1.129446500000002800e+02
1.132305500000002780e+02
1.135164500000002761e+02
1.138023500000002741e+02
1.140882500000002864e+02
1.143741500000002844e+02
1.146600500000002825e+02
1.149459500000002805e+02
1.152318500000002786e+02
1.155177500000002908e+02
1.158036500000002889e+02
1.160895500000002869e+02
1.163754500000002849e+02
1.166613500000002972e+02
1.169472500000002952e+02
1.172331500000002933e+02
1.175190500000002913e+02
1.178049500000002894e+02
1.180908500000003016e+02
1.183767500000002997e+02
1.186626500000002977e+02
1.189485500000002958e+02
1.192344500000003222e+02
1.195203500000003061e+02
1.198062500000002899e+02
1.200921500000002737e+02
1.203780500000002718e+02
1.206639500000002556e+02
1.209498500000002394e+02
1.212357500000002375e+02
1.215216500000002213e+02
1.218075500000002052e+02
1.220934500000001890e+02
1.223793500000001870e+02
1.226652500000001709e+02
1.229511500000001547e+02
1.232370500000001527e+02
1.235229500000001366e+02
1.238088500000001204e+02
1.240947500000001043e+02
1.243806500000001023e+02
1.246665500000000861e+02
1.249524500000000700e+02
1.252383500000000680e+02
1.255242500000000518e+02
1.258101500000000357e+02
1.260960500000000337e+02
1.263819500000000176e+02
1.266678500000000014e+02
1.269537499999999852e+02
1.272396499999999833e+02
1.275255499999999671e+02
1.278114499999999509e+02
1.280973499999999490e+02
1.283832499999999186e+02
1.286691499999999166e+02
1.289550499999999147e+02
1.292409499999998843e+02
1.295268499999998824e+02
1.298127499999998804e+02
1.300986499999998500e+02
1.303845499999998481e+02
1.306704499999998461e+02
1.309563499999998157e+02
1.312422499999998138e+02
1.315281499999998118e+02
1.318140499999997814e+02
1.320999499999997795e+02
1.323858499999997491e+02
1.326717499999997472e+02
1.329576499999997452e+02
1.332435499999997148e+02
1.335294499999997129e+02
1.338153499999997109e+02
1.341012499999996805e+02
1.343871499999996786e+02
1.346730499999996766e+02
1.349589499999996463e+02
1.352448499999996443e+02
1.355307499999996423e+02
1.358166499999996120e+02
1.361025499999996100e+02
1.363884499999996081e+02
1.366743499999995777e+02
1.369602499999995757e+02
1.372461499999995453e+02
1.375320499999995434e+02
1.378179499999995414e+02
1.381038499999995111e+02
1.383897499999995091e+02
1.386756499999995071e+02
1.389615499999994768e+02
1.392474499999994748e+02
1.395333499999994729e+02
1.398192499999994425e+02
1.401051499999994405e+02
1.403910499999994386e+02
1.406769499999994082e+02
1.409628499999994062e+02
1.412487499999994043e+02
1.415346499999993739e+02
1.418205499999993719e+02
1.421064499999993416e+02
1.423923499999993396e+02
1.426782499999993377e+02
1.429641499999993073e+02
1.432500499999993053e+02
1.435359499999993034e+02
1.438218499999992730e+02
1.441077499999992710e+02
1.443936499999992691e+02
1.446795499999992387e+02
1.449654499999992368e+02
1.452513499999992348e+02
1.455372499999992044e+02
1.458231499999992025e+02
1.461090499999991721e+02
1.463949499999991701e+02
1.466808499999991682e+02
1.469667499999991378e+02
1.472526499999991358e+02
1.475385499999991339e+02
1.478244499999991035e+02
1.481103499999991016e+02
1.483962499999990996e+02
1.486821499999990692e+02
1.489680499999990673e+02
1.492539499999990653e+02
1.495398499999990349e+02
1.498257499999990330e+02
1.501116499999990310e+02
1.503975499999990006e+02
1.506834499999989987e+02
1.509693499999989683e+02
1.512552499999989664e+02
1.515411499999989644e+02
1.518270499999989340e+02
1.521129499999989321e+02
1.523988499999989301e+02
1.526847499999988997e+02
1.529706499999988978e+02
1.532565499999988958e+02
1.535424499999988655e+02
1.538283499999988635e+02
1.541142499999988615e+02
1.544001499999988312e+02
1.546860499999988292e+02
1.549719499999988273e+02
1.552578499999987969e+02
1.555437499999987949e+02
1.558296499999987645e+02
1.561155499999987626e+02
1.564014499999987606e+02
1.566873499999987303e+02
1.569732499999987283e+02
1.572591499999987263e+02
1.575450499999986960e+02
1.578309499999986940e+02
1.581168499999986921e+02
1.584027499999986617e+02
1.586886499999986597e+02
1.589745499999986578e+02
1.592604499999986274e+02
1.595463499999986254e+02
1.598322499999986235e+02
1.601181499999985931e+02
1.604040499999985911e+02
1.606899499999985608e+02
1.609758499999985588e+02
1.612617499999985569e+02
1.615476499999985265e+02
1.618335499999985245e+02
1.621194499999985226e+02
1.624053499999984922e+02
1.626912499999984902e+02
1.629771499999984883e+02
1.632630499999984579e+02
1.635489499999984560e+02
1.638348499999984540e+02
1.641207499999984236e+02
1.644066499999984217e+02
1.646925499999983913e+02
1.649784499999983893e+02
1.652643499999983874e+02
1.655502499999983570e+02
1.658361499999983550e+02
1.661220499999983531e+02
1.664079499999983227e+02
1.666938499999983208e+02
1.669797499999983188e+02
1.672656499999982884e+02
1.675515499999982865e+02
1.678374499999982845e+02
1.681233499999982541e+02
1.684092499999982522e+02
1.686951499999982502e+02
1.689810499999982198e+02
1.692669499999982179e+02
1.695528499999981875e+02
1.698387499999981856e+02
1.701246499999981836e+02
1.704105499999981532e+02
1.706964499999981513e+02
1.709823499999981493e+02
1.712682499999981189e+02
1.715541499999981170e+02
1.718400499999981150e+02
1.721259499999980846e+02
1.724118499999980827e+02
1.726977499999980807e+02
1.729836499999980504e+02
1.732695499999980484e+02
1.735554499999980465e+02
1.738413499999980161e+02
1.741272499999980141e+02
1.744131499999979837e+02
1.746990499999979818e+02
1.749849499999979798e+02
1.752708499999979495e+02
1.755567499999979475e+02
1.758426499999979455e+02
1.761285499999979152e+02
1.764144499999979132e+02
1.767003499999979113e+02
1.769862499999978809e+02
1.772721499999978789e+02
1.775580499999978770e+02
1.778439499999978466e+02
1.781298499999978446e+02
1.784157499999978427e+02
1.787016499999978123e+02
1.789875499999978103e+02
1.792734499999977800e+02
1.795593499999977780e+02
1.798452499999977761e+02
1.801311499999977457e+02
1.804170499999977437e+02
1.807029499999977418e+02
1.809888499999977114e+02
1.812747499999977094e+02
1.815606499999977075e+02
1.818465499999976771e+02
1.821324499999976751e+02
1.824183499999976732e+02
1.827042499999976428e+02
1.829901499999976409e+02
1.832760499999976105e+02
1.835619499999976085e+02
1.838478499999976066e+02
1.841337499999975762e+02
1.844196499999975742e+02
1.847055499999975723e+02
1.849914499999975419e+02
1.852773499999975400e+02
1.855632499999975380e+02
1.858491499999975076e+02
1.861350499999975057e+02
1.864209499999975037e+02
1.867068499999974733e+02
1.869927499999974714e+02
1.872786499999974694e+02
1.875645499999974390e+02
1.878504499999974371e+02
1.881363499999974067e+02
1.884222499999974048e+02
1.887081499999974028e+02
1.889940499999973724e+02
1.892799499999973705e+02
1.895658499999973685e+02
1.898517499999973381e+02
1.901376499999973362e+02
1.904235499999973342e+02
1.907094499999973038e+02
1.909953499999973019e+02
1.912812499999972999e+02
1.915671499999972696e+02
1.918530499999972676e+02
1.921389499999972656e+02
1.924248499999972353e+02
1.927107499999972333e+02
1.929966499999972029e+02
1.932825499999972010e+02
1.935684499999971990e+02
1.938543499999971687e+02
1.941402499999971667e+02
1.944261499999971647e+02
1.947120499999971344e+02
1.949979499999971324e+02
1.952838499999971305e+02
1.955697499999971001e+02
1.958556499999970981e+02
1.961415499999970962e+02
1.964274499999970658e+02
1.967133499999970638e+02
1.969992499999970619e+02
1.972851499999970315e+02
1.975710499999970295e+02
1.978569499999969992e+02
1.981428499999969972e+02
1.984287499999969953e+02
1.987146499999969649e+02
1.990005499999969629e+02
1.992864499999969610e+02
1.995723499999969306e+02
1.998582499999969286e+02
2.001441499999969267e+02
2.004300499999968963e+02
2.007159499999968943e+02
2.010018499999968924e+02
2.012877499999968620e+02
2.015736499999968601e+02
2.018595499999968297e+02
2.021454499999968277e+02
2.024313499999968258e+02
2.027172499999967954e+02
2.030031499999967934e+02
2.032890499999967915e+02
2.035749499999967611e+02
2.038608499999967592e+02
2.041467499999967572e+02
2.044326499999967268e+02
2.047185499999967249e+02
2.050044499999967229e+02
2.052903499999966925e+02
2.055762499999966906e+02
2.058621499999966886e+02
2.061480499999966582e+02
2.064339499999966563e+02
2.067198499999966259e+02
2.070057499999966240e+02
2.072916499999966220e+02
2.075775499999965916e+02
2.078634499999965897e+02
2.081493499999965877e+02
2.084352499999965573e+02
2.087211499999965554e+02
2.090070499999965534e+02
2.092929499999965230e+02
2.095788499999965211e+02
2.098647499999965191e+02
2.101506499999964888e+02
2.104365499999964868e+02
2.107224499999964848e+02
2.110083499999964545e+02
2.112942499999964525e+02
2.115801499999964221e+02
2.118660499999964202e+02
2.121519499999964182e+02
2.124378499999963879e+02
2.127237499999963859e+02
2.130096499999963839e+02
2.132955499999963536e+02
2.135814499999963516e+02
2.138673499999963497e+02
2.141532499999963193e+02
2.144391499999963173e+02
2.147250499999963154e+02
2.150109499999962850e+02
2.152968499999962830e+02
2.155827499999962811e+02
2.158686499999962507e+02
2.161545499999962487e+02
2.164404499999962184e+02
2.167263499999962164e+02
2.170122499999962145e+02
2.172981499999961841e+02
2.175840499999961821e+02
2.178699499999961802e+02
2.181558499999961498e+02
2.184417499999961478e+02
2.187276499999961459e+02
2.190135499999961155e+02
2.192994499999961135e+02
2.195853499999961116e+02
2.198712499999960812e+02
2.201571499999960793e+02
2.204430499999960489e+02
2.207289499999960469e+02
2.210148499999960450e+02
2.213007499999960146e+02
2.215866499999960126e+02
2.218725499999960107e+02
2.221584499999959803e+02
2.224443499999959784e+02
2.227302499999959764e+02
2.230161499999959460e+02
2.233020499999959441e+02
2.235879499999959421e+02
2.238738499999959117e+02
2.241597499999959098e+02
2.244456499999959078e+02
2.247315499999958774e+02
2.250174499999958755e+02
2.253033499999958451e+02
2.255892499999958432e+02
2.258751499999958412e+02
2.261610499999958108e+02
2.264469499999958089e+02
2.267328499999958069e+02
2.270187499999957765e+02
2.273046499999957746e+02
2.275905499999957726e+02
2.278764499999957422e+02
2.281623499999957403e+02
2.284482499999957383e+02
2.287341499999957080e+02
2.290200499999957060e+02
2.293059499999957040e+02
2.295918499999956737e+02
2.298777499999956717e+02
2.301636499999956413e+02
2.304495499999956394e+02
2.307354499999956374e+02
2.310213499999956070e+02
2.313072499999956051e+02
2.315931499999956031e+02
2.318790499999955728e+02
2.321649499999955708e+02
2.324508499999955689e+02
2.327367499999955385e+02
2.330226499999955365e+02
2.333085499999955346e+02
2.335944499999955042e+02
2.338803499999955022e+02
2.341662499999955003e+02
2.344521499999954699e+02
2.347380499999954679e+02
2.350239499999954376e+02
2.353098499999954356e+02
2.355957499999954337e+02
2.358816499999954033e+02
2.361675499999954013e+02
2.364534499999953994e+02
2.367393499999953690e+02
2.370252499999953670e+02
2.373111499999953651e+02
2.375970499999953347e+02
2.378829499999953327e+02
2.381688499999953308e+02
2.384547499999953004e+02
2.387406499999953269e+02
2.390265499999953249e+02
2.393124499999953514e+02
2.395983499999953779e+02
2.398842499999953759e+02
2.401701499999954024e+02
2.404560499999954004e+02
2.407419499999954269e+02
2.410278499999954249e+02
2.413137499999954514e+02
2.415996499999954779e+02
2.418855499999954759e+02
2.421714499999955024e+02
2.424573499999955004e+02
2.427432499999955269e+02
2.430291499999955249e+02
2.433150499999955514e+02
2.436009499999955779e+02
2.438868499999955759e+02
2.441727499999956024e+02
2.444586499999956004e+02
2.447445499999956269e+02
2.450304499999956249e+02
2.453163499999956514e+02
2.456022499999956779e+02
2.458881499999956759e+02
2.461740499999957024e+02
2.464599499999957004e+02
2.467458499999957269e+02
2.470317499999957533e+02
2.473176499999957514e+02
2.476035499999957779e+02
2.478894499999957759e+02
2.481753499999958024e+02
2.484612499999958004e+02
2.487471499999958269e+02
2.490330499999958533e+02
2.493189499999958514e+02
2.496048499999958779e+02
2.498907499999958759e+02
2.501766499999959024e+02
2.504625499999959004e+02
2.507484499999959269e+02
2.510343499999959533e+02
2.513202499999959514e+02
2.516061499999959779e+02
2.518920499999959759e+02
2.521779499999960024e+02
2.524638499999960004e+02
2.527497499999960269e+02
2.530356499999960533e+02
2.533215499999960514e+02
2.536074499999960778e+02
2.538933499999960759e+02
2.541792499999961024e+02
2.544651499999961288e+02
2.547510499999961269e+02
2.550369499999961533e+02
2.553228499999961514e+02
2.556087499999961778e+02
2.558946499999961759e+02
2.561805499999962308e+02
2.564664499999962004e+02
2.567523499999962269e+02
2.570382499999962533e+02
2.573241499999962798e+02
2.576100499999962494e+02
2.578959499999962759e+02
2.581818499999963024e+02
2.584677499999963288e+02
2.587536499999963553e+02
2.590395499999963249e+02
2.593254499999963514e+02
2.596113499999963778e+02
2.598972499999964043e+02
2.601831499999964308e+02
2.604690499999964004e+02
2.607549499999964269e+02
2.610408499999964533e+02
2.613267499999964798e+02
2.616126499999964494e+02
2.618985499999964759e+02
2.621844499999965024e+02
2.624703499999965288e+02
2.627562499999965553e+02
2.630421499999965249e+02
2.633280499999965514e+02
2.636139499999965778e+02
2.638998499999966043e+02
2.641857499999966308e+02
2.644716499999966004e+02
2.647575499999966269e+02
2.650434499999966533e+02
2.653293499999966798e+02
2.656152499999967063e+02
2.659011499999966759e+02
2.661870499999967024e+02
2.664729499999967288e+02
2.667588499999967553e+02
2.670447499999967249e+02
2.673306499999967514e+02
2.676165499999967778e+02
2.679024499999968043e+02
2.681883499999968308e+02
2.684742499999968004e+02
2.687601499999968269e+02
2.690460499999968533e+02
2.693319499999968798e+02
2.696178499999969063e+02
2.699037499999968759e+02
2.701896499999969024e+02
2.704755499999969288e+02
2.707614499999969553e+02
2.710473499999969818e+02
2.713332499999969514e+02
2.716191499999969778e+02
2.719050499999970043e+02
2.721909499999970308e+02
2.724768499999970004e+02
2.727627499999970269e+02
2.730486499999970533e+02
2.733345499999970798e+02
2.736204499999971063e+02
2.739063499999970759e+02
