# iron, lattice heat capacity from spin-resolved DFT, calculations by Jan Vorberger
# T [K] 	   c_p [J/(m^3K)]
   1.0995996e+01   6.5511117e+03
   1.2987988e+01   9.7386386e+03
   1.4979980e+01   1.3791692e+04
   1.6971972e+01   1.8848971e+04
   1.8963964e+01   2.5086010e+04
   2.0955956e+01   3.2721937e+04
   2.2947948e+01   4.2015546e+04
   2.4939940e+01   5.3250342e+04
   2.6931932e+01   6.6712709e+04
   2.8923924e+01   8.2668762e+04
   3.0915916e+01   1.0134439e+05
   3.2907908e+01   1.2291101e+05
   3.4899900e+01   1.4747757e+05
   3.6891892e+01   1.7508843e+05
   3.8883884e+01   2.0572570e+05
   4.0875876e+01   2.3931490e+05
   4.2867868e+01   2.7573261e+05
   4.4859860e+01   3.1481511e+05
   4.6851852e+01   3.5636723e+05
   4.8843844e+01   4.0017087e+05
   5.0835836e+01   4.4599282e+05
   5.2827828e+01   4.9359172e+05
   5.4819820e+01   5.4272390e+05
   5.6811812e+01   5.9314838e+05
   5.8803804e+01   6.4463076e+05
   6.0795796e+01   6.9694633e+05
   6.2787788e+01   7.4988231e+05
   6.4779780e+01   8.0323947e+05
   6.6771772e+01   8.5683310e+05
   6.8763764e+01   9.1049360e+05
   7.0755756e+01   9.6406654e+05
   7.2747748e+01   1.0174125e+06
   7.4739740e+01   1.0704068e+06
   7.6731732e+01   1.1229386e+06
   7.8723724e+01   1.1749105e+06
   8.0715716e+01   1.2262376e+06
   8.2707708e+01   1.2768465e+06
   8.4699700e+01   1.3266748e+06
   8.6691692e+01   1.3756698e+06
   8.8683684e+01   1.4237879e+06
   9.0675676e+01   1.4709938e+06
   9.2667668e+01   1.5172594e+06
   9.4659660e+01   1.5625636e+06
   9.6651652e+01   1.6068908e+06
   9.8643644e+01   1.6502311e+06
   1.0063564e+02   1.6925790e+06
   1.0262763e+02   1.7339333e+06
   1.0461962e+02   1.7742963e+06
   1.0661161e+02   1.8136736e+06
   1.0860360e+02   1.8520733e+06
   1.1059560e+02   1.8895060e+06
   1.1258759e+02   1.9259844e+06
   1.1457958e+02   1.9615225e+06
   1.1657157e+02   1.9961362e+06
   1.1856356e+02   2.0298421e+06
   1.2055556e+02   2.0626581e+06
   1.2254755e+02   2.0946027e+06
   1.2453954e+02   2.1256950e+06
   1.2653153e+02   2.1559544e+06
   1.2852352e+02   2.1854008e+06
   1.3051552e+02   2.2140542e+06
   1.3250751e+02   2.2419346e+06
   1.3449950e+02   2.2690620e+06
   1.3649149e+02   2.2954565e+06
   1.3848348e+02   2.3211378e+06
   1.4047548e+02   2.3461254e+06
   1.4246747e+02   2.3704388e+06
   1.4445946e+02   2.3940970e+06
   1.4645145e+02   2.4171187e+06
   1.4844344e+02   2.4395222e+06
   1.5043544e+02   2.4613255e+06
   1.5242743e+02   2.4825463e+06
   1.5441942e+02   2.5032016e+06
   1.5641141e+02   2.5233083e+06
   1.5840340e+02   2.5428827e+06
   1.6039540e+02   2.5619408e+06
   1.6238739e+02   2.5804979e+06
   1.6437938e+02   2.5985693e+06
   1.6637137e+02   2.6161694e+06
   1.6836336e+02   2.6333126e+06
   1.7035536e+02   2.6500126e+06
   1.7234735e+02   2.6662829e+06
   1.7433934e+02   2.6821363e+06
   1.7633133e+02   2.6975856e+06
   1.7832332e+02   2.7126429e+06
   1.8031532e+02   2.7273200e+06
   1.8230731e+02   2.7416283e+06
   1.8429930e+02   2.7555790e+06
   1.8629129e+02   2.7691829e+06
   1.8828328e+02   2.7824502e+06
   1.9027528e+02   2.7953910e+06
   1.9226727e+02   2.8080151e+06
   1.9425926e+02   2.8203319e+06
   1.9625125e+02   2.8323505e+06
   1.9824324e+02   2.8440797e+06
   2.0023524e+02   2.8555280e+06
   2.0222723e+02   2.8667037e+06
   2.0421922e+02   2.8776148e+06
   2.0621121e+02   2.8882689e+06
   2.0820320e+02   2.8986736e+06
   2.1019520e+02   2.9088361e+06
   2.1218719e+02   2.9187632e+06
   2.1417918e+02   2.9284619e+06
   2.1617117e+02   2.9379386e+06
   2.1816316e+02   2.9471996e+06
   2.2015516e+02   2.9562512e+06
   2.2214715e+02   2.9650991e+06
   2.2413914e+02   2.9737491e+06
   2.2613113e+02   2.9822067e+06
   2.2812312e+02   2.9904774e+06
   2.3011512e+02   2.9985662e+06
   2.3210711e+02   3.0064783e+06
   2.3409910e+02   3.0142185e+06
   2.3609109e+02   3.0217914e+06
   2.3808308e+02   3.0292017e+06
   2.4007508e+02   3.0364537e+06
   2.4206707e+02   3.0435517e+06
   2.4405906e+02   3.0504999e+06
   2.4605105e+02   3.0573022e+06
   2.4804304e+02   3.0639626e+06
   2.5003504e+02   3.0704847e+06
   2.5202703e+02   3.0768723e+06
   2.5401902e+02   3.0831289e+06
   2.5601101e+02   3.0892578e+06
   2.5800300e+02   3.0952624e+06
   2.5999499e+02   3.1011459e+06
   2.6198699e+02   3.1069114e+06
   2.6397898e+02   3.1125620e+06
   2.6597097e+02   3.1181005e+06
   2.6796296e+02   3.1235298e+06
   2.6995495e+02   3.1288527e+06
   2.7194695e+02   3.1340718e+06
   2.7393894e+02   3.1391897e+06
   2.7593093e+02   3.1442089e+06
   2.7792292e+02   3.1491318e+06
   2.7991491e+02   3.1539609e+06
   2.8190691e+02   3.1586984e+06
   2.8389890e+02   3.1633466e+06
   2.8589089e+02   3.1679076e+06
   2.8788288e+02   3.1723835e+06
   2.8987487e+02   3.1767763e+06
   2.9186687e+02   3.1810881e+06
   2.9385886e+02   3.1853208e+06
   2.9585085e+02   3.1894762e+06
   2.9784284e+02   3.1935561e+06
   2.9983483e+02   3.1975624e+06
   3.0182683e+02   3.2014966e+06
   3.0381882e+02   3.2053606e+06
   3.0581081e+02   3.2091560e+06
   3.0780280e+02   3.2128842e+06
   3.0979479e+02   3.2165468e+06
   3.1178679e+02   3.2201454e+06
   3.1377878e+02   3.2236814e+06
   3.1577077e+02   3.2271561e+06
   3.1776276e+02   3.2305710e+06
   3.1975475e+02   3.2339273e+06
   3.2174675e+02   3.2372265e+06
   3.2373874e+02   3.2404697e+06
   3.2573073e+02   3.2436582e+06
   3.2772272e+02   3.2467931e+06
   3.2971471e+02   3.2498757e+06
   3.3170671e+02   3.2529071e+06
   3.3369870e+02   3.2558883e+06
   3.3569069e+02   3.2588205e+06
   3.3768268e+02   3.2617047e+06
   3.3967467e+02   3.2645420e+06
   3.4166667e+02   3.2673332e+06
   3.4365866e+02   3.2700794e+06
   3.4565065e+02   3.2727816e+06
   3.4764264e+02   3.2754406e+06
   3.4963463e+02   3.2780573e+06
   3.5162663e+02   3.2806327e+06
   3.5361862e+02   3.2831675e+06
   3.5561061e+02   3.2856627e+06
   3.5760260e+02   3.2881189e+06
   3.5959459e+02   3.2905370e+06
   3.6158659e+02   3.2929179e+06
   3.6357858e+02   3.2952621e+06
   3.6557057e+02   3.2975705e+06
   3.6756256e+02   3.2998437e+06
   3.6955455e+02   3.3020825e+06
   3.7154655e+02   3.3042876e+06
   3.7353854e+02   3.3064596e+06
   3.7553053e+02   3.3085991e+06
   3.7752252e+02   3.3107068e+06
   3.7951451e+02   3.3127833e+06
   3.8150651e+02   3.3148292e+06
   3.8349850e+02   3.3168452e+06
   3.8549049e+02   3.3188317e+06
   3.8748248e+02   3.3207893e+06
   3.8947447e+02   3.3227186e+06
   3.9146647e+02   3.3246201e+06
   3.9345846e+02   3.3264944e+06
   3.9545045e+02   3.3283419e+06
   3.9744244e+02   3.3301632e+06
   3.9943443e+02   3.3319587e+06
   4.0142643e+02   3.3337289e+06
   4.0341842e+02   3.3354743e+06
   4.0541041e+02   3.3371953e+06
   4.0740240e+02   3.3388925e+06
   4.0939439e+02   3.3405661e+06
   4.1138639e+02   3.3422167e+06
   4.1337838e+02   3.3438446e+06
   4.1537037e+02   3.3454503e+06
   4.1736236e+02   3.3470341e+06
   4.1935435e+02   3.3485966e+06
   4.2134635e+02   3.3501379e+06
   4.2333834e+02   3.3516585e+06
   4.2533033e+02   3.3531588e+06
   4.2732232e+02   3.3546392e+06
   4.2931431e+02   3.3560999e+06
   4.3130631e+02   3.3575413e+06
   4.3329830e+02   3.3589638e+06
   4.3529029e+02   3.3603676e+06
   4.3728228e+02   3.3617532e+06
   4.3927427e+02   3.3631207e+06
   4.4126627e+02   3.3644706e+06
   4.4325826e+02   3.3658031e+06
   4.4525025e+02   3.3671184e+06
   4.4724224e+02   3.3684170e+06
   4.4923423e+02   3.3696991e+06
   4.5122623e+02   3.3709649e+06
   4.5321822e+02   3.3722147e+06
   4.5521021e+02   3.3734489e+06
   4.5720220e+02   3.3746676e+06
   4.5919419e+02   3.3758710e+06
   4.6118619e+02   3.3770596e+06
   4.6317818e+02   3.3782334e+06
   4.6517017e+02   3.3793928e+06
   4.6716216e+02   3.3805379e+06
   4.6915415e+02   3.3816690e+06
   4.7114615e+02   3.3827864e+06
   4.7313814e+02   3.3838902e+06
   4.7513013e+02   3.3849806e+06
   4.7712212e+02   3.3860580e+06
   4.7911411e+02   3.3871224e+06
   4.8110611e+02   3.3881741e+06
   4.8309810e+02   3.3892133e+06
   4.8509009e+02   3.3902401e+06
   4.8708208e+02   3.3912548e+06
   4.8907407e+02   3.3922576e+06
   4.9106607e+02   3.3932487e+06
   4.9305806e+02   3.3942281e+06
   4.9505005e+02   3.3951962e+06
   4.9704204e+02   3.3961530e+06
   4.9903403e+02   3.3970988e+06
   5.0102603e+02   3.3980338e+06
   5.0301802e+02   3.3989580e+06
   5.0501001e+02   3.3998716e+06
   5.0700200e+02   3.4007748e+06
   5.0899399e+02   3.4016678e+06
   5.1098599e+02   3.4025508e+06
   5.1297798e+02   3.4034237e+06
   5.1496997e+02   3.4042869e+06
   5.1696196e+02   3.4051405e+06
   5.1895395e+02   3.4059845e+06
   5.2094595e+02   3.4068192e+06
   5.2293794e+02   3.4076446e+06
   5.2492993e+02   3.4084610e+06
   5.2692192e+02   3.4092684e+06
   5.2891391e+02   3.4100669e+06
   5.3090591e+02   3.4108568e+06
   5.3289790e+02   3.4116381e+06
   5.3488989e+02   3.4124109e+06
   5.3688188e+02   3.4131754e+06
   5.3887387e+02   3.4139316e+06
   5.4086587e+02   3.4146798e+06
   5.4285786e+02   3.4154200e+06
   5.4484985e+02   3.4161523e+06
   5.4684184e+02   3.4168768e+06
   5.4883383e+02   3.4175937e+06
   5.5082583e+02   3.4183031e+06
   5.5281782e+02   3.4190050e+06
   5.5480981e+02   3.4196995e+06
   5.5680180e+02   3.4203868e+06
   5.5879379e+02   3.4210670e+06
   5.6078579e+02   3.4217401e+06
   5.6277778e+02   3.4224063e+06
   5.6476977e+02   3.4230657e+06
   5.6676176e+02   3.4237183e+06
   5.6875375e+02   3.4243642e+06
   5.7074575e+02   3.4250035e+06
   5.7273774e+02   3.4256364e+06
   5.7472973e+02   3.4262628e+06
   5.7672172e+02   3.4268830e+06
   5.7871371e+02   3.4274969e+06
   5.8070571e+02   3.4281046e+06
   5.8269770e+02   3.4287063e+06
   5.8468969e+02   3.4293020e+06
   5.8668168e+02   3.4298918e+06
   5.8867367e+02   3.4304757e+06
   5.9066567e+02   3.4310539e+06
   5.9265766e+02   3.4316265e+06
   5.9464965e+02   3.4321934e+06
   5.9664164e+02   3.4327548e+06
   5.9863363e+02   3.4333107e+06
   6.0062563e+02   3.4338612e+06
   6.0261762e+02   3.4344064e+06
   6.0460961e+02   3.4349463e+06
   6.0660160e+02   3.4354811e+06
   6.0859359e+02   3.4360107e+06
   6.1058559e+02   3.4365353e+06
   6.1257758e+02   3.4370549e+06
   6.1456957e+02   3.4375695e+06
   6.1656156e+02   3.4380793e+06
   6.1855355e+02   3.4385843e+06
   6.2054555e+02   3.4390845e+06
   6.2253754e+02   3.4395800e+06
   6.2452953e+02   3.4400709e+06
   6.2652152e+02   3.4405573e+06
   6.2851351e+02   3.4410391e+06
   6.3050551e+02   3.4415164e+06
   6.3249750e+02   3.4419893e+06
   6.3448949e+02   3.4424579e+06
   6.3648148e+02   3.4429222e+06
   6.3847347e+02   3.4433822e+06
   6.4046547e+02   3.4438381e+06
   6.4245746e+02   3.4442898e+06
   6.4444945e+02   3.4447374e+06
   6.4644144e+02   3.4451809e+06
   6.4843343e+02   3.4456204e+06
   6.5042543e+02   3.4460560e+06
   6.5241742e+02   3.4464877e+06
   6.5440941e+02   3.4469156e+06
   6.5640140e+02   3.4473396e+06
   6.5839339e+02   3.4477598e+06
   6.6038539e+02   3.4481763e+06
   6.6237738e+02   3.4485892e+06
   6.6436937e+02   3.4489984e+06
   6.6636136e+02   3.4494040e+06
   6.6835335e+02   3.4498061e+06
   6.7034535e+02   3.4502046e+06
   6.7233734e+02   3.4505997e+06
   6.7432933e+02   3.4509913e+06
   6.7632132e+02   3.4513796e+06
   6.7831331e+02   3.4517645e+06
   6.8030531e+02   3.4521461e+06
   6.8229730e+02   3.4525244e+06
   6.8428929e+02   3.4528995e+06
   6.8628128e+02   3.4532713e+06
   6.8827327e+02   3.4536400e+06
   6.9026527e+02   3.4540056e+06
   6.9225726e+02   3.4543681e+06
   6.9424925e+02   3.4547275e+06
   6.9624124e+02   3.4550839e+06
   6.9823323e+02   3.4554373e+06
   7.0022523e+02   3.4557877e+06
   7.0221722e+02   3.4561352e+06
   7.0420921e+02   3.4564799e+06
   7.0620120e+02   3.4568216e+06
   7.0819319e+02   3.4571605e+06
   7.1018519e+02   3.4574966e+06
   7.1217718e+02   3.4578300e+06
   7.1416917e+02   3.4581606e+06
   7.1616116e+02   3.4584885e+06
   7.1815315e+02   3.4588137e+06
   7.2014515e+02   3.4591363e+06
   7.2213714e+02   3.4594562e+06
   7.2412913e+02   3.4597736e+06
   7.2612112e+02   3.4600884e+06
   7.2811311e+02   3.4604006e+06
   7.3010511e+02   3.4607104e+06
   7.3209710e+02   3.4610176e+06
   7.3408909e+02   3.4613224e+06
   7.3608108e+02   3.4616248e+06
   7.3807307e+02   3.4619247e+06
   7.4006507e+02   3.4622223e+06
   7.4205706e+02   3.4625175e+06
   7.4404905e+02   3.4628104e+06
   7.4604104e+02   3.4631010e+06
   7.4803303e+02   3.4633893e+06
   7.5002503e+02   3.4636753e+06
   7.5201702e+02   3.4639591e+06
   7.5400901e+02   3.4642407e+06
   7.5600100e+02   3.4645201e+06
   7.5799299e+02   3.4647973e+06
   7.5998498e+02   3.4650724e+06
   7.6197698e+02   3.4653454e+06
   7.6396897e+02   3.4656162e+06
   7.6596096e+02   3.4658850e+06
   7.6795295e+02   3.4661517e+06
   7.6994494e+02   3.4664164e+06
   7.7193694e+02   3.4666791e+06
   7.7392893e+02   3.4669397e+06
   7.7592092e+02   3.4671984e+06
   7.7791291e+02   3.4674552e+06
   7.7990490e+02   3.4677100e+06
   7.8189690e+02   3.4679628e+06
   7.8388889e+02   3.4682138e+06
   7.8588088e+02   3.4684629e+06
   7.8787287e+02   3.4687102e+06
   7.8986486e+02   3.4689555e+06
   7.9185686e+02   3.4691991e+06
   7.9384885e+02   3.4694409e+06
   7.9584084e+02   3.4696809e+06
   7.9783283e+02   3.4699191e+06
   7.9982482e+02   3.4701555e+06
   8.0181682e+02   3.4703902e+06
   8.0380881e+02   3.4706232e+06
   8.0580080e+02   3.4708545e+06
   8.0779279e+02   3.4710841e+06
   8.0978478e+02   3.4713120e+06
   8.1177678e+02   3.4715383e+06
   8.1376877e+02   3.4717630e+06
   8.1576076e+02   3.4719860e+06
   8.1775275e+02   3.4722074e+06
   8.1974474e+02   3.4724272e+06
   8.2173674e+02   3.4726455e+06
   8.2372873e+02   3.4728621e+06
   8.2572072e+02   3.4730773e+06
   8.2771271e+02   3.4732909e+06
   8.2970470e+02   3.4735029e+06
   8.3169670e+02   3.4737135e+06
   8.3368869e+02   3.4739226e+06
   8.3568068e+02   3.4741302e+06
   8.3767267e+02   3.4743364e+06
   8.3966466e+02   3.4745411e+06
   8.4165666e+02   3.4747444e+06
   8.4364865e+02   3.4749462e+06
   8.4564064e+02   3.4751467e+06
   8.4763263e+02   3.4753457e+06
   8.4962462e+02   3.4755434e+06
   8.5161662e+02   3.4757397e+06
   8.5360861e+02   3.4759346e+06
   8.5560060e+02   3.4761282e+06
   8.5759259e+02   3.4763205e+06
   8.5958458e+02   3.4765114e+06
   8.6157658e+02   3.4767011e+06
   8.6356857e+02   3.4768894e+06
   8.6556056e+02   3.4770764e+06
   8.6755255e+02   3.4772622e+06
   8.6954454e+02   3.4774468e+06
   8.7153654e+02   3.4776300e+06
   8.7352853e+02   3.4778121e+06
   8.7552052e+02   3.4779929e+06
   8.7751251e+02   3.4781725e+06
   8.7950450e+02   3.4783508e+06
   8.8149650e+02   3.4785280e+06
   8.8348849e+02   3.4787040e+06
   8.8548048e+02   3.4788789e+06
   8.8747247e+02   3.4790525e+06
   8.8946446e+02   3.4792251e+06
   8.9145646e+02   3.4793964e+06
   8.9344845e+02   3.4795667e+06
   8.9544044e+02   3.4797358e+06
   8.9743243e+02   3.4799038e+06
   8.9942442e+02   3.4800707e+06
   9.0141642e+02   3.4802365e+06
   9.0340841e+02   3.4804012e+06
   9.0540040e+02   3.4805649e+06
   9.0739239e+02   3.4807275e+06
   9.0938438e+02   3.4808890e+06
   9.1137638e+02   3.4810495e+06
   9.1336837e+02   3.4812089e+06
   9.1536036e+02   3.4813673e+06
   9.1735235e+02   3.4815247e+06
   9.1934434e+02   3.4816811e+06
   9.2133634e+02   3.4818365e+06
   9.2332833e+02   3.4819909e+06
   9.2532032e+02   3.4821443e+06
   9.2731231e+02   3.4822967e+06
   9.2930430e+02   3.4824481e+06
   9.3129630e+02   3.4825986e+06
   9.3328829e+02   3.4827481e+06
   9.3528028e+02   3.4828967e+06
   9.3727227e+02   3.4830444e+06
   9.3926426e+02   3.4831911e+06
   9.4125626e+02   3.4833369e+06
   9.4324825e+02   3.4834818e+06
   9.4524024e+02   3.4836258e+06
   9.4723223e+02   3.4837689e+06
   9.4922422e+02   3.4839111e+06
   9.5121622e+02   3.4840524e+06
   9.5320821e+02   3.4841928e+06
   9.5520020e+02   3.4843324e+06
   9.5719219e+02   3.4844710e+06
   9.5918418e+02   3.4846089e+06
   9.6117618e+02   3.4847459e+06
   9.6316817e+02   3.4848820e+06
   9.6516016e+02   3.4850174e+06
   9.6715215e+02   3.4851519e+06
   9.6914414e+02   3.4852855e+06
   9.7113614e+02   3.4854184e+06
   9.7312813e+02   3.4855504e+06
   9.7512012e+02   3.4856817e+06
   9.7711211e+02   3.4858121e+06
   9.7910410e+02   3.4859418e+06
   9.8109610e+02   3.4860707e+06
   9.8308809e+02   3.4861988e+06
   9.8508008e+02   3.4863261e+06
   9.8707207e+02   3.4864527e+06
   9.8906406e+02   3.4865785e+06
   9.9105606e+02   3.4867036e+06
   9.9304805e+02   3.4868279e+06
   9.9504004e+02   3.4869515e+06
   9.9703203e+02   3.4870743e+06
   9.9902402e+02   3.4871964e+06
   1.0010160e+03   3.4873178e+06
   1.0030080e+03   3.4874385e+06
   1.0050000e+03   3.4875585e+06
   1.0069920e+03   3.4876777e+06
   1.0089840e+03   3.4877963e+06
   1.0109760e+03   3.4879142e+06
   1.0129680e+03   3.4880314e+06
   1.0149600e+03   3.4881478e+06
   1.0169520e+03   3.4882637e+06
   1.0189439e+03   3.4883788e+06
   1.0209359e+03   3.4884933e+06
   1.0229279e+03   3.4886071e+06
   1.0249199e+03   3.4887203e+06
   1.0269119e+03   3.4888328e+06
   1.0289039e+03   3.4889446e+06
   1.0308959e+03   3.4890558e+06
   1.0328879e+03   3.4891664e+06
   1.0348799e+03   3.4892764e+06
   1.0368719e+03   3.4893857e+06
   1.0388639e+03   3.4894944e+06
   1.0408559e+03   3.4896024e+06
   1.0428478e+03   3.4897099e+06
   1.0448398e+03   3.4898168e+06
   1.0468318e+03   3.4899230e+06
   1.0488238e+03   3.4900286e+06
   1.0508158e+03   3.4901337e+06
   1.0528078e+03   3.4902382e+06
   1.0547998e+03   3.4903420e+06
   1.0567918e+03   3.4904453e+06
   1.0587838e+03   3.4905480e+06
   1.0607758e+03   3.4906502e+06
   1.0627678e+03   3.4907517e+06
   1.0647598e+03   3.4908527e+06
   1.0667518e+03   3.4909532e+06
   1.0687437e+03   3.4910531e+06
   1.0707357e+03   3.4911524e+06
   1.0727277e+03   3.4912512e+06
   1.0747197e+03   3.4913494e+06
   1.0767117e+03   3.4914471e+06
   1.0787037e+03   3.4915443e+06
   1.0806957e+03   3.4916409e+06
   1.0826877e+03   3.4917370e+06
   1.0846797e+03   3.4918326e+06
   1.0866717e+03   3.4919276e+06
   1.0886637e+03   3.4920222e+06
   1.0906557e+03   3.4921162e+06
   1.0926476e+03   3.4922097e+06
   1.0946396e+03   3.4923027e+06
   1.0966316e+03   3.4923952e+06
   1.0986236e+03   3.4924872e+06
   1.1006156e+03   3.4925787e+06
   1.1026076e+03   3.4926697e+06
   1.1045996e+03   3.4927603e+06
   1.1065916e+03   3.4928503e+06
   1.1085836e+03   3.4929399e+06
   1.1105756e+03   3.4930290e+06
   1.1125676e+03   3.4931176e+06
   1.1145596e+03   3.4932057e+06
   1.1165516e+03   3.4932934e+06
   1.1185435e+03   3.4933806e+06
   1.1205355e+03   3.4934673e+06
   1.1225275e+03   3.4935536e+06
   1.1245195e+03   3.4936394e+06
   1.1265115e+03   3.4937248e+06
   1.1285035e+03   3.4938097e+06
   1.1304955e+03   3.4938942e+06
   1.1324875e+03   3.4939783e+06
   1.1344795e+03   3.4940619e+06
   1.1364715e+03   3.4941450e+06
   1.1384635e+03   3.4942278e+06
   1.1404555e+03   3.4943101e+06
   1.1424474e+03   3.4943919e+06
   1.1444394e+03   3.4944734e+06
   1.1464314e+03   3.4945544e+06
   1.1484234e+03   3.4946350e+06
   1.1504154e+03   3.4947152e+06
   1.1524074e+03   3.4947950e+06
   1.1543994e+03   3.4948744e+06
   1.1563914e+03   3.4949533e+06
   1.1583834e+03   3.4950319e+06
   1.1603754e+03   3.4951100e+06
   1.1623674e+03   3.4951878e+06
   1.1643594e+03   3.4952652e+06
   1.1663514e+03   3.4953421e+06
   1.1683433e+03   3.4954187e+06
   1.1703353e+03   3.4954949e+06
   1.1723273e+03   3.4955707e+06
   1.1743193e+03   3.4956461e+06
   1.1763113e+03   3.4957212e+06
   1.1783033e+03   3.4957958e+06
   1.1802953e+03   3.4958701e+06
   1.1822873e+03   3.4959440e+06
   1.1842793e+03   3.4960176e+06
   1.1862713e+03   3.4960907e+06
   1.1882633e+03   3.4961635e+06
   1.1902553e+03   3.4962360e+06
   1.1922472e+03   3.4963081e+06
   1.1942392e+03   3.4963798e+06
   1.1962312e+03   3.4964512e+06
   1.1982232e+03   3.4965222e+06
   1.2002152e+03   3.4965929e+06
   1.2022072e+03   3.4966632e+06
   1.2041992e+03   3.4967332e+06
   1.2061912e+03   3.4968028e+06
   1.2081832e+03   3.4968721e+06
   1.2101752e+03   3.4969410e+06
   1.2121672e+03   3.4970096e+06
   1.2141592e+03   3.4970779e+06
   1.2161512e+03   3.4971458e+06
   1.2181431e+03   3.4972134e+06
   1.2201351e+03   3.4972807e+06
   1.2221271e+03   3.4973477e+06
   1.2241191e+03   3.4974143e+06
   1.2261111e+03   3.4974806e+06
   1.2281031e+03   3.4975466e+06
   1.2300951e+03   3.4976123e+06
   1.2320871e+03   3.4976776e+06
   1.2340791e+03   3.4977426e+06
   1.2360711e+03   3.4978074e+06
   1.2380631e+03   3.4978718e+06
   1.2400551e+03   3.4979359e+06
   1.2420470e+03   3.4979997e+06
   1.2440390e+03   3.4980632e+06
   1.2460310e+03   3.4981264e+06
   1.2480230e+03   3.4981892e+06
   1.2500150e+03   3.4982518e+06
   1.2520070e+03   3.4983141e+06
   1.2539990e+03   3.4983761e+06
   1.2559910e+03   3.4984378e+06
   1.2579830e+03   3.4984992e+06
   1.2599750e+03   3.4985604e+06
   1.2619670e+03   3.4986212e+06
   1.2639590e+03   3.4986818e+06
   1.2659510e+03   3.4987420e+06
   1.2679429e+03   3.4988020e+06
   1.2699349e+03   3.4988617e+06
   1.2719269e+03   3.4989211e+06
   1.2739189e+03   3.4989803e+06
   1.2759109e+03   3.4990392e+06
   1.2779029e+03   3.4990978e+06
   1.2798949e+03   3.4991561e+06
   1.2818869e+03   3.4992141e+06
   1.2838789e+03   3.4992719e+06
   1.2858709e+03   3.4993295e+06
   1.2878629e+03   3.4993867e+06
   1.2898549e+03   3.4994437e+06
   1.2918468e+03   3.4995004e+06
   1.2938388e+03   3.4995569e+06
   1.2958308e+03   3.4996131e+06
   1.2978228e+03   3.4996691e+06
   1.2998148e+03   3.4997248e+06
   1.3018068e+03   3.4997802e+06
   1.3037988e+03   3.4998354e+06
   1.3057908e+03   3.4998903e+06
   1.3077828e+03   3.4999450e+06
   1.3097748e+03   3.4999995e+06
   1.3117668e+03   3.5000537e+06
   1.3137588e+03   3.5001076e+06
   1.3157508e+03   3.5001613e+06
   1.3177427e+03   3.5002148e+06
   1.3197347e+03   3.5002680e+06
   1.3217267e+03   3.5003210e+06
   1.3237187e+03   3.5003737e+06
   1.3257107e+03   3.5004263e+06
   1.3277027e+03   3.5004785e+06
   1.3296947e+03   3.5005306e+06
   1.3316867e+03   3.5005824e+06
   1.3336787e+03   3.5006340e+06
   1.3356707e+03   3.5006853e+06
   1.3376627e+03   3.5007364e+06
   1.3396547e+03   3.5007873e+06
   1.3416466e+03   3.5008380e+06
   1.3436386e+03   3.5008884e+06
   1.3456306e+03   3.5009387e+06
   1.3476226e+03   3.5009887e+06
   1.3496146e+03   3.5010384e+06
   1.3516066e+03   3.5010880e+06
   1.3535986e+03   3.5011373e+06
   1.3555906e+03   3.5011865e+06
   1.3575826e+03   3.5012354e+06
   1.3595746e+03   3.5012841e+06
   1.3615666e+03   3.5013326e+06
   1.3635586e+03   3.5013808e+06
   1.3655506e+03   3.5014289e+06
   1.3675425e+03   3.5014767e+06
   1.3695345e+03   3.5015244e+06
   1.3715265e+03   3.5015718e+06
   1.3735185e+03   3.5016191e+06
   1.3755105e+03   3.5016661e+06
   1.3775025e+03   3.5017129e+06
   1.3794945e+03   3.5017596e+06
   1.3814865e+03   3.5018060e+06
   1.3834785e+03   3.5018522e+06
   1.3854705e+03   3.5018982e+06
   1.3874625e+03   3.5019441e+06
   1.3894545e+03   3.5019897e+06
   1.3914464e+03   3.5020351e+06
   1.3934384e+03   3.5020804e+06
   1.3954304e+03   3.5021254e+06
   1.3974224e+03   3.5021703e+06
   1.3994144e+03   3.5022150e+06
   1.4014064e+03   3.5022595e+06
   1.4033984e+03   3.5023037e+06
   1.4053904e+03   3.5023479e+06
   1.4073824e+03   3.5023918e+06
   1.4093744e+03   3.5024355e+06
   1.4113664e+03   3.5024791e+06
   1.4133584e+03   3.5025224e+06
   1.4153504e+03   3.5025656e+06
   1.4173423e+03   3.5026086e+06
   1.4193343e+03   3.5026514e+06
   1.4213263e+03   3.5026941e+06
   1.4233183e+03   3.5027365e+06
   1.4253103e+03   3.5027788e+06
   1.4273023e+03   3.5028209e+06
   1.4292943e+03   3.5028629e+06
   1.4312863e+03   3.5029046e+06
   1.4332783e+03   3.5029462e+06
   1.4352703e+03   3.5029876e+06
   1.4372623e+03   3.5030289e+06
   1.4392543e+03   3.5030700e+06
   1.4412462e+03   3.5031109e+06
   1.4432382e+03   3.5031516e+06
   1.4452302e+03   3.5031922e+06
   1.4472222e+03   3.5032326e+06
   1.4492142e+03   3.5032728e+06
   1.4512062e+03   3.5033129e+06
   1.4531982e+03   3.5033528e+06
   1.4551902e+03   3.5033925e+06
   1.4571822e+03   3.5034321e+06
   1.4591742e+03   3.5034715e+06
   1.4611662e+03   3.5035108e+06
   1.4631582e+03   3.5035499e+06
   1.4651502e+03   3.5035888e+06
   1.4671421e+03   3.5036276e+06
   1.4691341e+03   3.5036663e+06
   1.4711261e+03   3.5037047e+06
   1.4731181e+03   3.5037430e+06
   1.4751101e+03   3.5037812e+06
   1.4771021e+03   3.5038192e+06
   1.4790941e+03   3.5038571e+06
   1.4810861e+03   3.5038948e+06
   1.4830781e+03   3.5039323e+06
   1.4850701e+03   3.5039697e+06
   1.4870621e+03   3.5040070e+06
   1.4890541e+03   3.5040441e+06
   1.4910460e+03   3.5040810e+06
   1.4930380e+03   3.5041178e+06
   1.4950300e+03   3.5041545e+06
   1.4970220e+03   3.5041910e+06
   1.4990140e+03   3.5042274e+06
   1.5010060e+03   3.5042636e+06
   1.5029980e+03   3.5042997e+06
   1.5049900e+03   3.5043356e+06
   1.5069820e+03   3.5043714e+06
   1.5089740e+03   3.5044071e+06
   1.5109660e+03   3.5044426e+06
   1.5129580e+03   3.5044780e+06
   1.5149499e+03   3.5045132e+06
   1.5169419e+03   3.5045483e+06
   1.5189339e+03   3.5045833e+06
   1.5209259e+03   3.5046181e+06
   1.5229179e+03   3.5046528e+06
   1.5249099e+03   3.5046873e+06
   1.5269019e+03   3.5047218e+06
   1.5288939e+03   3.5047561e+06
   1.5308859e+03   3.5047902e+06
   1.5328779e+03   3.5048242e+06
   1.5348699e+03   3.5048581e+06
   1.5368619e+03   3.5048919e+06
   1.5388539e+03   3.5049255e+06
   1.5408458e+03   3.5049590e+06
   1.5428378e+03   3.5049924e+06
   1.5448298e+03   3.5050256e+06
   1.5468218e+03   3.5050587e+06
   1.5488138e+03   3.5050917e+06
   1.5508058e+03   3.5051245e+06
   1.5527978e+03   3.5051573e+06
   1.5547898e+03   3.5051899e+06
   1.5567818e+03   3.5052224e+06
   1.5587738e+03   3.5052547e+06
   1.5607658e+03   3.5052870e+06
   1.5627578e+03   3.5053191e+06
   1.5647497e+03   3.5053511e+06
   1.5667417e+03   3.5053829e+06
   1.5687337e+03   3.5054147e+06
   1.5707257e+03   3.5054463e+06
   1.5727177e+03   3.5054778e+06
   1.5747097e+03   3.5055092e+06
   1.5767017e+03   3.5055405e+06
   1.5786937e+03   3.5055716e+06
   1.5806857e+03   3.5056026e+06
   1.5826777e+03   3.5056336e+06
   1.5846697e+03   3.5056644e+06
   1.5866617e+03   3.5056950e+06
   1.5886537e+03   3.5057256e+06
   1.5906456e+03   3.5057561e+06
   1.5926376e+03   3.5057864e+06
   1.5946296e+03   3.5058166e+06
   1.5966216e+03   3.5058468e+06
   1.5986136e+03   3.5058768e+06
   1.6006056e+03   3.5059066e+06
   1.6025976e+03   3.5059364e+06
   1.6045896e+03   3.5059661e+06
   1.6065816e+03   3.5059957e+06
   1.6085736e+03   3.5060251e+06
   1.6105656e+03   3.5060545e+06
   1.6125576e+03   3.5060837e+06
   1.6145495e+03   3.5061128e+06
   1.6165415e+03   3.5061418e+06
   1.6185335e+03   3.5061707e+06
   1.6205255e+03   3.5061996e+06
   1.6225175e+03   3.5062283e+06
   1.6245095e+03   3.5062569e+06
   1.6265015e+03   3.5062853e+06
   1.6284935e+03   3.5063137e+06
   1.6304855e+03   3.5063420e+06
   1.6324775e+03   3.5063702e+06
   1.6344695e+03   3.5063983e+06
   1.6364615e+03   3.5064262e+06
   1.6384535e+03   3.5064541e+06
   1.6404454e+03   3.5064819e+06
   1.6424374e+03   3.5065096e+06
   1.6444294e+03   3.5065371e+06
   1.6464214e+03   3.5065646e+06
   1.6484134e+03   3.5065920e+06
   1.6504054e+03   3.5066192e+06
   1.6523974e+03   3.5066464e+06
   1.6543894e+03   3.5066735e+06
   1.6563814e+03   3.5067005e+06
   1.6583734e+03   3.5067274e+06
   1.6603654e+03   3.5067542e+06
   1.6623574e+03   3.5067808e+06
   1.6643493e+03   3.5068074e+06
   1.6663413e+03   3.5068339e+06
   1.6683333e+03   3.5068603e+06
   1.6703253e+03   3.5068867e+06
   1.6723173e+03   3.5069129e+06
   1.6743093e+03   3.5069390e+06
   1.6763013e+03   3.5069650e+06
   1.6782933e+03   3.5069910e+06
   1.6802853e+03   3.5070168e+06
   1.6822773e+03   3.5070426e+06
   1.6842693e+03   3.5070682e+06
   1.6862613e+03   3.5070938e+06
   1.6882533e+03   3.5071193e+06
   1.6902452e+03   3.5071447e+06
   1.6922372e+03   3.5071700e+06
   1.6942292e+03   3.5071952e+06
   1.6962212e+03   3.5072203e+06
   1.6982132e+03   3.5072454e+06
   1.7002052e+03   3.5072703e+06
   1.7021972e+03   3.5072952e+06
   1.7041892e+03   3.5073200e+06
   1.7061812e+03   3.5073447e+06
   1.7081732e+03   3.5073693e+06
   1.7101652e+03   3.5073938e+06
   1.7121572e+03   3.5074182e+06
   1.7141491e+03   3.5074426e+06
   1.7161411e+03   3.5074668e+06
   1.7181331e+03   3.5074910e+06
   1.7201251e+03   3.5075151e+06
   1.7221171e+03   3.5075391e+06
   1.7241091e+03   3.5075631e+06
   1.7261011e+03   3.5075869e+06
   1.7280931e+03   3.5076107e+06
   1.7300851e+03   3.5076344e+06
   1.7320771e+03   3.5076580e+06
   1.7340691e+03   3.5076815e+06
   1.7360611e+03   3.5077049e+06
   1.7380531e+03   3.5077283e+06
   1.7400450e+03   3.5077516e+06
   1.7420370e+03   3.5077748e+06
   1.7440290e+03   3.5077979e+06
   1.7460210e+03   3.5078209e+06
   1.7480130e+03   3.5078439e+06
   1.7500050e+03   3.5078668e+06
   1.7519970e+03   3.5078896e+06
   1.7539890e+03   3.5079123e+06
   1.7559810e+03   3.5079350e+06
   1.7579730e+03   3.5079576e+06
   1.7599650e+03   3.5079801e+06
   1.7619570e+03   3.5080025e+06
   1.7639489e+03   3.5080248e+06
   1.7659409e+03   3.5080471e+06
   1.7679329e+03   3.5080693e+06
   1.7699249e+03   3.5080914e+06
   1.7719169e+03   3.5081135e+06
   1.7739089e+03   3.5081355e+06
   1.7759009e+03   3.5081574e+06
   1.7778929e+03   3.5081792e+06
   1.7798849e+03   3.5082009e+06
   1.7818769e+03   3.5082226e+06
   1.7838689e+03   3.5082442e+06
   1.7858609e+03   3.5082658e+06
   1.7878529e+03   3.5082872e+06
   1.7898448e+03   3.5083086e+06
   1.7918368e+03   3.5083300e+06
   1.7938288e+03   3.5083512e+06
   1.7958208e+03   3.5083724e+06
   1.7978128e+03   3.5083935e+06
   1.7998048e+03   3.5084146e+06
   1.8017968e+03   3.5084355e+06
   1.8037888e+03   3.5084564e+06
   1.8057808e+03   3.5084773e+06
   1.8077728e+03   3.5084980e+06
   1.8097648e+03   3.5085187e+06
   1.8117568e+03   3.5085394e+06
   1.8137487e+03   3.5085599e+06
   1.8157407e+03   3.5085804e+06
   1.8177327e+03   3.5086008e+06
   1.8197247e+03   3.5086212e+06
   1.8217167e+03   3.5086415e+06
   1.8237087e+03   3.5086617e+06
   1.8257007e+03   3.5086819e+06
   1.8276927e+03   3.5087020e+06
   1.8296847e+03   3.5087220e+06
   1.8316767e+03   3.5087420e+06
   1.8336687e+03   3.5087619e+06
   1.8356607e+03   3.5087817e+06
   1.8376527e+03   3.5088015e+06
   1.8396446e+03   3.5088212e+06
   1.8416366e+03   3.5088408e+06
   1.8436286e+03   3.5088604e+06
   1.8456206e+03   3.5088799e+06
   1.8476126e+03   3.5088994e+06
   1.8496046e+03   3.5089188e+06
   1.8515966e+03   3.5089381e+06
   1.8535886e+03   3.5089574e+06
   1.8555806e+03   3.5089766e+06
   1.8575726e+03   3.5089957e+06
   1.8595646e+03   3.5090148e+06
   1.8615566e+03   3.5090338e+06
   1.8635485e+03   3.5090528e+06
   1.8655405e+03   3.5090717e+06
   1.8675325e+03   3.5090905e+06
   1.8695245e+03   3.5091093e+06
   1.8715165e+03   3.5091280e+06
   1.8735085e+03   3.5091467e+06
   1.8755005e+03   3.5091653e+06
   1.8774925e+03   3.5091838e+06
   1.8794845e+03   3.5092023e+06
   1.8814765e+03   3.5092207e+06
   1.8834685e+03   3.5092391e+06
   1.8854605e+03   3.5092574e+06
   1.8874525e+03   3.5092757e+06
   1.8894444e+03   3.5092939e+06
   1.8914364e+03   3.5093120e+06
   1.8934284e+03   3.5093301e+06
   1.8954204e+03   3.5093481e+06
   1.8974124e+03   3.5093661e+06
   1.8994044e+03   3.5093840e+06
   1.9013964e+03   3.5094018e+06
   1.9033884e+03   3.5094196e+06
   1.9053804e+03   3.5094373e+06
   1.9073724e+03   3.5094550e+06
   1.9093644e+03   3.5094727e+06
   1.9113564e+03   3.5094902e+06
   1.9133483e+03   3.5095078e+06
   1.9153403e+03   3.5095252e+06
   1.9173323e+03   3.5095426e+06
   1.9193243e+03   3.5095600e+06
   1.9213163e+03   3.5095773e+06
   1.9233083e+03   3.5095945e+06
   1.9253003e+03   3.5096117e+06
   1.9272923e+03   3.5096289e+06
   1.9292843e+03   3.5096460e+06
   1.9312763e+03   3.5096630e+06
   1.9332683e+03   3.5096800e+06
   1.9352603e+03   3.5096969e+06
   1.9372523e+03   3.5097138e+06
   1.9392442e+03   3.5097306e+06
   1.9412362e+03   3.5097474e+06
   1.9432282e+03   3.5097642e+06
   1.9452202e+03   3.5097808e+06
   1.9472122e+03   3.5097974e+06
   1.9492042e+03   3.5098140e+06
   1.9511962e+03   3.5098305e+06
   1.9531882e+03   3.5098470e+06
   1.9551802e+03   3.5098634e+06
   1.9571722e+03   3.5098798e+06
   1.9591642e+03   3.5098961e+06
   1.9611562e+03   3.5099124e+06
   1.9631481e+03   3.5099286e+06
   1.9651401e+03   3.5099448e+06
   1.9671321e+03   3.5099609e+06
   1.9691241e+03   3.5099770e+06
   1.9711161e+03   3.5099930e+06
   1.9731081e+03   3.5100090e+06
   1.9751001e+03   3.5100249e+06
   1.9770921e+03   3.5100408e+06
   1.9790841e+03   3.5100567e+06
   1.9810761e+03   3.5100724e+06
   1.9830681e+03   3.5100882e+06
   1.9850601e+03   3.5101039e+06
   1.9870521e+03   3.5101195e+06
   1.9890440e+03   3.5101351e+06
   1.9910360e+03   3.5101507e+06
   1.9930280e+03   3.5101662e+06
   1.9950200e+03   3.5101816e+06
   1.9970120e+03   3.5101970e+06
   1.9990040e+03   3.5102124e+06
