# iron, G_ep from spin-resolved DFT, sum of majo and mino G_ep, calculations by Jan Vorberger
# T [K] 	   G_ep [W/(m^3K)]
   2.0000000e+02   1.2445388e+18
   2.3960000e+02   1.2444775e+18
   2.7920000e+02   1.2444895e+18
   3.1880000e+02   1.2447214e+18
   3.5840000e+02   1.2453088e+18
   3.9800000e+02   1.2464530e+18
   4.3760000e+02   1.2483194e+18
   4.7720000e+02   1.2510210e+18
   5.1680000e+02   1.2546914e+18
   5.5640000e+02   1.2594112e+18
   5.9600000e+02   1.2651490e+18
   6.3560000e+02   1.2719161e+18
   6.7520000e+02   1.2796914e+18
   7.1480000e+02   1.2882318e+18
   7.5440000e+02   1.2977895e+18
   7.9400000e+02   1.3078920e+18
   8.3360000e+02   1.3186211e+18
   8.7320000e+02   1.3298135e+18
   9.1280000e+02   1.3414617e+18
   9.5240000e+02   1.3533463e+18
   9.9200000e+02   1.3654612e+18
   1.0316000e+03   1.3776868e+18
   1.0712000e+03   1.3900525e+18
   1.1108000e+03   1.4024009e+18
   1.1504000e+03   1.4146903e+18
   1.1900000e+03   1.4270303e+18
   1.2296000e+03   1.4392179e+18
   1.2692000e+03   1.4513355e+18
   1.3088000e+03   1.4630830e+18
   1.3484000e+03   1.4746984e+18
   1.3880000e+03   1.4860589e+18
   1.4276000e+03   1.4971891e+18
   1.4672000e+03   1.5086168e+18
   1.5068000e+03   1.5190080e+18
   1.5464000e+03   1.5286816e+18
   1.5860000e+03   1.5401966e+18
   1.6256000e+03   1.5506054e+18
   1.6652000e+03   1.5608321e+18
   1.7048000e+03   1.5709769e+18
   1.7444000e+03   1.5810179e+18
   1.7840000e+03   1.5909668e+18
   1.8236000e+03   1.6009117e+18
   1.8632000e+03   1.6106704e+18
   1.9028000e+03   1.6205056e+18
   1.9424000e+03   1.6309780e+18
   1.9820000e+03   1.6402458e+18
   2.0216000e+03   1.6478312e+18
   2.0612000e+03   1.6594237e+18
   2.1008000e+03   1.6691696e+18
   2.1404000e+03   1.6792668e+18
   2.1800000e+03   1.6887789e+18
   2.2196000e+03   1.6986306e+18
   2.2592000e+03   1.7085068e+18
   2.2988000e+03   1.7184753e+18
   2.3384000e+03   1.7286746e+18
   2.3780000e+03   1.7391585e+18
   2.4176000e+03   1.7488727e+18
   2.4572000e+03   1.7592410e+18
   2.4968000e+03   1.7697080e+18
   2.5364000e+03   1.7803089e+18
   2.5760000e+03   1.7908109e+18
   2.6156000e+03   1.8024892e+18
   2.6552000e+03   1.8106392e+18
   2.6948000e+03   1.8260401e+18
   2.7344000e+03   1.8380021e+18
   2.7740000e+03   1.8502697e+18
   2.8136000e+03   1.8625601e+18
   2.8532000e+03   1.8751290e+18
   2.8928000e+03   1.8878433e+18
   2.9324000e+03   1.9008061e+18
   2.9720000e+03   1.9143421e+18
   3.0116000e+03   1.9286134e+18
   3.0512000e+03   1.9430966e+18
   3.0908000e+03   1.9577915e+18
   3.1304000e+03   1.9726573e+18
   3.1700000e+03   1.9878491e+18
   3.2096000e+03   2.0030277e+18
   3.2492000e+03   2.0203399e+18
   3.2888000e+03   2.0332219e+18
   3.3284000e+03   2.0501335e+18
   3.3680000e+03   2.0651492e+18
   3.4076000e+03   2.0803996e+18
   3.4472000e+03   2.0955294e+18
   3.4868000e+03   2.1111078e+18
   3.5264000e+03   2.1266234e+18
   3.5660000e+03   2.1428085e+18
   3.6056000e+03   2.1576761e+18
   3.6452000e+03   2.1750977e+18
   3.6848000e+03   2.1915049e+18
   3.7244000e+03   2.1853543e+18
   3.7640000e+03   2.2233556e+18
   3.8036000e+03   2.2395713e+18
   3.8432000e+03   2.2558685e+18
   3.8828000e+03   2.2711900e+18
   3.9224000e+03   2.2889228e+18
   3.9620000e+03   2.3056214e+18
   4.0016000e+03   2.3224720e+18
   4.0412000e+03   2.3351806e+18
   4.0808000e+03   2.3561986e+18
   4.1204000e+03   2.3722666e+18
   4.1600000e+03   2.3884611e+18
   4.1996000e+03   2.4048860e+18
   4.2392000e+03   2.4215398e+18
   4.2788000e+03   2.4381751e+18
   4.3184000e+03   2.4547107e+18
   4.3580000e+03   2.4713649e+18
   4.3976000e+03   2.4882717e+18
   4.4372000e+03   2.5053940e+18
   4.4768000e+03   2.5210887e+18
   4.5164000e+03   2.5389453e+18
   4.5560000e+03   2.5565364e+18
   4.5956000e+03   2.5741100e+18
   4.6352000e+03   2.5915882e+18
   4.6748000e+03   2.6092024e+18
   4.7144000e+03   2.6271685e+18
   4.7540000e+03   2.6446698e+18
   4.7936000e+03   2.6624639e+18
   4.8332000e+03   2.6797911e+18
   4.8728000e+03   2.6980549e+18
   4.9124000e+03   2.7158891e+18
   4.9520000e+03   2.7288666e+18
   4.9916000e+03   2.7513674e+18
   5.0312000e+03   2.7692301e+18
   5.0708000e+03   2.7872588e+18
   5.1104000e+03   2.8016128e+18
   5.1500000e+03   2.8228196e+18
   5.1896000e+03   2.8412049e+18
   5.2292000e+03   2.8553307e+18
   5.2688000e+03   2.8700278e+18
   5.3084000e+03   2.9211988e+18
   5.3480000e+03   2.8973705e+18
   5.3876000e+03   2.9050700e+18
   5.4272000e+03   2.9248738e+18
   5.4668000e+03   2.9387499e+18
   5.5064000e+03   2.9524512e+18
   5.5460000e+03   2.9707381e+18
   5.5856000e+03   2.9925113e+18
   5.6252000e+03   3.0143035e+18
   5.6648000e+03   3.0362668e+18
   5.7044000e+03   3.0584005e+18
   5.7440000e+03   3.0804642e+18
   5.7836000e+03   3.1027369e+18
   5.8232000e+03   3.1251561e+18
   5.8628000e+03   3.1440584e+18
   5.9024000e+03   3.1624299e+18
   5.9420000e+03   3.1808110e+18
   5.9816000e+03   3.1992053e+18
   6.0212000e+03   3.2176654e+18
   6.0608000e+03   3.2361957e+18
   6.1004000e+03   3.2546435e+18
   6.1400000e+03   3.2726278e+18
   6.1796000e+03   3.2909814e+18
   6.2192000e+03   3.3086258e+18
   6.2588000e+03   3.3277516e+18
   6.2984000e+03   3.3454750e+18
   6.3380000e+03   3.3603420e+18
   6.3776000e+03   3.3820907e+18
   6.4172000e+03   3.3987222e+18
   6.4568000e+03   3.4115707e+18
   6.4964000e+03   3.4250521e+18
   6.5360000e+03   3.4363740e+18
   6.5756000e+03   3.4521571e+18
   6.6152000e+03   3.4657759e+18
   6.6548000e+03   3.4798748e+18
   6.6944000e+03   3.4969929e+18
   6.7340000e+03   3.5196194e+18
   6.7736000e+03   3.5422728e+18
   6.8132000e+03   3.5649924e+18
   6.8528000e+03   3.5877203e+18
   6.8924000e+03   3.6100491e+18
   6.9320000e+03   3.6325820e+18
   6.9716000e+03   3.6507716e+18
   7.0112000e+03   3.6420508e+18
   7.0508000e+03   3.6814886e+18
   7.0904000e+03   3.6967995e+18
   7.1300000e+03   3.7122504e+18
   7.1696000e+03   3.7276113e+18
   7.2092000e+03   3.7429163e+18
   7.2488000e+03   3.7716190e+18
   7.2884000e+03   3.8023255e+18
   7.3280000e+03   3.8306365e+18
   7.3676000e+03   3.8605131e+18
   7.4072000e+03   3.8906391e+18
   7.4468000e+03   3.9213731e+18
   7.4864000e+03   3.9591055e+18
   7.5260000e+03   4.0066751e+18
   7.5656000e+03   4.0563644e+18
   7.6052000e+03   4.1056934e+18
   7.6448000e+03   4.1562835e+18
   7.6844000e+03   4.2083686e+18
   7.7240000e+03   4.2627420e+18
   7.7636000e+03   4.2962241e+18
   7.8032000e+03   4.3441253e+18
   7.8428000e+03   4.3637698e+18
   7.8824000e+03   4.3981466e+18
   7.9220000e+03   4.4339340e+18
   7.9616000e+03   4.4606453e+18
   8.0012000e+03   4.5030068e+18
   8.0408000e+03   4.5379289e+18
   8.0804000e+03   4.5731542e+18
   8.1200000e+03   4.6085435e+18
   8.1596000e+03   4.6447249e+18
   8.1992000e+03   4.6821997e+18
   8.2388000e+03   4.7105220e+18
   8.2784000e+03   4.7495022e+18
   8.3180000e+03   4.7829627e+18
   8.3576000e+03   4.8170905e+18
   8.3972000e+03   4.8511584e+18
   8.4368000e+03   4.8871332e+18
   8.4764000e+03   4.9187625e+18
   8.5160000e+03   4.9475611e+18
   8.5556000e+03   4.9769784e+18
   8.5952000e+03   5.0064942e+18
   8.6348000e+03   5.0362443e+18
   8.6744000e+03   5.0660620e+18
   8.7140000e+03   5.0967212e+18
   8.7536000e+03   5.1366777e+18
   8.7932000e+03   5.1771016e+18
   8.8328000e+03   5.2208343e+18
   8.8724000e+03   5.2598966e+18
   8.9120000e+03   5.3021665e+18
   8.9516000e+03   5.3451088e+18
   8.9912000e+03   5.3775951e+18
   9.0308000e+03   5.4102351e+18
   9.0704000e+03   5.4430250e+18
   9.1100000e+03   5.4760628e+18
   9.1496000e+03   5.5074884e+18
   9.1892000e+03   5.5409389e+18
   9.2288000e+03   5.5560462e+18
   9.2684000e+03   5.6203463e+18
   9.3080000e+03   5.6593584e+18
   9.3476000e+03   5.7147148e+18
   9.3872000e+03   5.7399822e+18
   9.4268000e+03   5.7808560e+18
   9.4664000e+03   5.8214545e+18
   9.5060000e+03   5.8710591e+18
   9.5456000e+03   5.9225016e+18
   9.5852000e+03   5.9714495e+18
   9.6248000e+03   6.0213149e+18
   9.6644000e+03   6.0721399e+18
   9.7040000e+03   6.1330372e+18
   9.7436000e+03   6.1637670e+18
   9.7832000e+03   6.2087766e+18
   9.8228000e+03   6.2563087e+18
   9.8624000e+03   6.3042911e+18
   9.9020000e+03   6.3468218e+18
   9.9416000e+03   6.4052431e+18
   9.9812000e+03   6.4630733e+18
   1.0020800e+04   6.5142037e+18
   1.0060400e+04   6.5694701e+18
   1.0100000e+04   6.6259018e+18
   1.0139600e+04   6.6808530e+18
   1.0179200e+04   6.7220738e+18
   1.0218800e+04   6.7638271e+18
   1.0258400e+04   6.8060132e+18
   1.0298000e+04   6.8484454e+18
   1.0337600e+04   6.8953464e+18
   1.0377200e+04   6.9351221e+18
   1.0416800e+04   6.9788816e+18
   1.0456400e+04   7.0232712e+18
   1.0496000e+04   7.0679885e+18
   1.0535600e+04   7.1132814e+18
   1.0575200e+04   7.1581280e+18
   1.0614800e+04   7.2293174e+18
   1.0654400e+04   7.3347144e+18
   1.0694000e+04   7.4456834e+18
   1.0733600e+04   7.5447192e+18
   1.0773200e+04   7.6861935e+18
   1.0812800e+04   7.8186150e+18
   1.0852400e+04   7.9330743e+18
   1.0892000e+04   8.0389142e+18
   1.0931600e+04   8.1493197e+18
   1.0971200e+04   8.2648103e+18
   1.1010800e+04   8.3866275e+18
   1.1050400e+04   8.5134204e+18
   1.1090000e+04   8.6195579e+18
   1.1129600e+04   8.7131590e+18
   1.1169200e+04   8.8315476e+18
   1.1208800e+04   8.9431909e+18
   1.1248400e+04   9.0597492e+18
   1.1288000e+04   9.1804462e+18
   1.1327600e+04   9.2397213e+18
   1.1367200e+04   9.3690440e+18
   1.1406800e+04   9.4676432e+18
   1.1446400e+04   9.5649056e+18
   1.1486000e+04   9.6739666e+18
   1.1525600e+04   9.7733023e+18
   1.1565200e+04   9.8460710e+18
   1.1604800e+04   9.9191817e+18
   1.1644400e+04   9.9900652e+18
   1.1684000e+04   1.0087560e+19
   1.1723600e+04   1.0150941e+19
   1.1763200e+04   1.0212005e+19
   1.1802800e+04   1.0252068e+19
   1.1842400e+04   1.0292942e+19
   1.1882000e+04   1.0331996e+19
   1.1921600e+04   1.0371235e+19
   1.1961200e+04   1.0407133e+19
   1.2000800e+04   1.0433096e+19
   1.2040400e+04   1.0448132e+19
   1.2080000e+04   1.0460034e+19
   1.2119600e+04   1.0478761e+19
   1.2159200e+04   1.0489825e+19
   1.2198800e+04   1.0500298e+19
   1.2238400e+04   1.0513922e+19
   1.2278000e+04   1.0523344e+19
   1.2317600e+04   1.0533973e+19
   1.2357200e+04   1.0544073e+19
   1.2396800e+04   1.0553792e+19
   1.2436400e+04   1.0563462e+19
   1.2476000e+04   1.0572967e+19
   1.2515600e+04   1.0582372e+19
   1.2555200e+04   1.0591133e+19
   1.2594800e+04   1.0600212e+19
   1.2634400e+04   1.0609521e+19
   1.2674000e+04   1.0618578e+19
   1.2713600e+04   1.0631471e+19
   1.2753200e+04   1.0637353e+19
   1.2792800e+04   1.0646302e+19
   1.2832400e+04   1.0655748e+19
   1.2872000e+04   1.0663931e+19
   1.2911600e+04   1.0673499e+19
   1.2951200e+04   1.0677114e+19
   1.2990800e+04   1.0690933e+19
   1.3030400e+04   1.0699720e+19
   1.3070000e+04   1.0708421e+19
   1.3109600e+04   1.0718329e+19
   1.3149200e+04   1.0727671e+19
   1.3188800e+04   1.0736383e+19
   1.3228400e+04   1.0743880e+19
   1.3268000e+04   1.0752430e+19
   1.3307600e+04   1.0760897e+19
   1.3347200e+04   1.0769519e+19
   1.3386800e+04   1.0778365e+19
   1.3426400e+04   1.0786300e+19
   1.3466000e+04   1.0791422e+19
   1.3505600e+04   1.0803507e+19
   1.3545200e+04   1.0812027e+19
   1.3584800e+04   1.0821396e+19
   1.3624400e+04   1.0830877e+19
   1.3664000e+04   1.0839939e+19
   1.3703600e+04   1.0849232e+19
   1.3743200e+04   1.0858789e+19
   1.3782800e+04   1.0868088e+19
   1.3822400e+04   1.0878844e+19
   1.3862000e+04   1.0889743e+19
   1.3901600e+04   1.0900765e+19
   1.3941200e+04   1.0911520e+19
   1.3980800e+04   1.0922203e+19
   1.4020400e+04   1.0930623e+19
   1.4060000e+04   1.0935897e+19
   1.4099600e+04   1.0941157e+19
   1.4139200e+04   1.0946285e+19
   1.4178800e+04   1.0951338e+19
   1.4218400e+04   1.0956318e+19
   1.4258000e+04   1.0960923e+19
   1.4297600e+04   1.0965361e+19
   1.4337200e+04   1.0969725e+19
   1.4376800e+04   1.0973948e+19
   1.4416400e+04   1.0978241e+19
   1.4456000e+04   1.0982363e+19
   1.4495600e+04   1.0964251e+19
   1.4535200e+04   1.1008397e+19
   1.4574800e+04   1.0993368e+19
   1.4614400e+04   1.0996945e+19
   1.4654000e+04   1.1002194e+19
   1.4693600e+04   1.1005319e+19
   1.4733200e+04   1.1010370e+19
   1.4772800e+04   1.1012961e+19
   1.4812400e+04   1.1015550e+19
   1.4852000e+04   1.1020378e+19
   1.4891600e+04   1.1002689e+19
   1.4931200e+04   1.1024857e+19
   1.4970800e+04   1.1024502e+19
   1.5010400e+04   1.1022215e+19
   1.5050000e+04   1.1024064e+19
   1.5089600e+04   1.1025850e+19
   1.5129200e+04   1.1027669e+19
   1.5168800e+04   1.1031127e+19
   1.5208400e+04   1.1032035e+19
   1.5248000e+04   1.1027964e+19
   1.5287600e+04   1.1037660e+19
   1.5327200e+04   1.1039442e+19
   1.5366800e+04   1.1014130e+19
   1.5406400e+04   1.1041098e+19
   1.5446000e+04   1.1046451e+19
   1.5485600e+04   1.1043823e+19
   1.5525200e+04   1.1045087e+19
   1.5564800e+04   1.1046399e+19
   1.5604400e+04   1.1047423e+19
   1.5644000e+04   1.1048324e+19
   1.5683600e+04   1.1049147e+19
   1.5723200e+04   1.1049931e+19
   1.5762800e+04   1.1050692e+19
   1.5802400e+04   1.1051229e+19
   1.5842000e+04   1.1053149e+19
   1.5881600e+04   1.1049290e+19
   1.5921200e+04   1.1049029e+19
   1.5960800e+04   1.1050708e+19
   1.6000400e+04   1.1050868e+19
   1.6040000e+04   1.1050837e+19
   1.6079600e+04   1.1052566e+19
   1.6119200e+04   1.1052353e+19
   1.6158800e+04   1.1052048e+19
   1.6198400e+04   1.1047927e+19
   1.6238000e+04   1.1051312e+19
   1.6277600e+04   1.1050798e+19
   1.6317200e+04   1.1051136e+19
   1.6356800e+04   1.1051553e+19
   1.6396400e+04   1.1049835e+19
   1.6436000e+04   1.1049120e+19
   1.6475600e+04   1.1042400e+19
   1.6515200e+04   1.1046200e+19
   1.6554800e+04   1.1044387e+19
   1.6594400e+04   1.1042527e+19
   1.6634000e+04   1.1040623e+19
   1.6673600e+04   1.1038674e+19
   1.6713200e+04   1.1038720e+19
   1.6752800e+04   1.1039273e+19
   1.6792400e+04   1.1039773e+19
   1.6832000e+04   1.1040223e+19
   1.6871600e+04   1.1040623e+19
   1.6911200e+04   1.1040821e+19
   1.6950800e+04   1.1040248e+19
   1.6990400e+04   1.1039645e+19
   1.7030000e+04   1.1043159e+19
   1.7069600e+04   1.1041643e+19
   1.7109200e+04   1.1039916e+19
   1.7148800e+04   1.1034951e+19
   1.7188400e+04   1.1034465e+19
   1.7228000e+04   1.1033636e+19
   1.7267600e+04   1.1032888e+19
   1.7307200e+04   1.1035569e+19
   1.7346800e+04   1.1034602e+19
   1.7386400e+04   1.0985960e+19
   1.7426000e+04   1.1015896e+19
   1.7465600e+04   1.1013784e+19
   1.7505200e+04   1.1027299e+19
   1.7544800e+04   1.1026166e+19
   1.7584400e+04   1.1024949e+19
   1.7624000e+04   1.1023429e+19
   1.7663600e+04   1.1022054e+19
   1.7703200e+04   1.1020638e+19
   1.7742800e+04   1.0983962e+19
   1.7782400e+04   1.1017742e+19
   1.7822000e+04   1.1016275e+19
   1.7861600e+04   1.1014760e+19
   1.7901200e+04   1.1014714e+19
   1.7940800e+04   1.1013122e+19
   1.7980400e+04   1.1011491e+19
   1.8020000e+04   1.1008322e+19
   1.8059600e+04   1.1006705e+19
   1.8099200e+04   1.1005038e+19
   1.8138800e+04   1.1003337e+19
   1.8178400e+04   1.1001597e+19
   1.8218000e+04   1.1000043e+19
   1.8257600e+04   1.0986465e+19
   1.8297200e+04   1.0984716e+19
   1.8336800e+04   1.0994760e+19
   1.8376400e+04   1.0992941e+19
   1.8416000e+04   1.0996084e+19
   1.8455600e+04   1.0989191e+19
   1.8495200e+04   1.0987363e+19
   1.8534800e+04   1.0985506e+19
   1.8574400e+04   1.0983613e+19
   1.8614000e+04   1.0981684e+19
   1.8653600e+04   1.0979717e+19
   1.8693200e+04   1.0977664e+19
   1.8732800e+04   1.0975739e+19
   1.8772400e+04   1.0973728e+19
   1.8812000e+04   1.0971669e+19
   1.8851600e+04   1.0969636e+19
   1.8891200e+04   1.0967723e+19
   1.8930800e+04   1.0965604e+19
   1.8970400e+04   1.0963445e+19
   1.9010000e+04   1.0961190e+19
   1.9049600e+04   1.0929365e+19
   1.9089200e+04   1.0956705e+19
   1.9128800e+04   1.0954391e+19
   1.9168400e+04   1.0951914e+19
   1.9208000e+04   1.0949404e+19
   1.9247600e+04   1.0946890e+19
   1.9287200e+04   1.0944316e+19
   1.9326800e+04   1.0942525e+19
   1.9366400e+04   1.0938992e+19
   1.9406000e+04   1.0936174e+19
   1.9445600e+04   1.0933283e+19
   1.9485200e+04   1.0930289e+19
   1.9524800e+04   1.0927380e+19
   1.9564400e+04   1.0924441e+19
   1.9604000e+04   1.0921483e+19
   1.9643600e+04   1.0918335e+19
   1.9683200e+04   1.0915243e+19
   1.9722800e+04   1.0912094e+19
   1.9762400e+04   1.0908874e+19
   1.9802000e+04   1.0900585e+19
   1.9841600e+04   1.0902184e+19
   1.9881200e+04   1.0884829e+19
   1.9920800e+04   1.0894863e+19
   1.9960400e+04   1.0908068e+19
