Material: cobalt, lattice heat capacity calculated based on spin resolved DFT calculation from Jan Vorberger
Temperature [K], c_p [J/(m^3K)]
3.50	1.589383e+02 
8.51	1.754220e+03 
13.51	6.972532e+03 
18.51	1.976709e+04 
23.52	4.754283e+04 
28.52	9.848458e+04 
33.53	1.770845e+05 
38.53	2.828336e+05 
43.53	4.115730e+05 
48.54	5.574060e+05 
53.54	7.141703e+05 
58.55	8.763053e+05 
63.55	1.039241e+06 
68.55	1.199479e+06 
73.56	1.354513e+06 
78.56	1.502672e+06 
83.57	1.642944e+06 
88.57	1.774821e+06 
93.57	1.898160e+06 
98.58	2.013074e+06 
103.58	2.119844e+06 
108.59	2.218863e+06 
113.59	2.310582e+06 
118.59	2.395482e+06 
123.60	2.474048e+06 
128.60	2.546759e+06 
133.61	2.614073e+06 
138.61	2.676422e+06 
143.61	2.734213e+06 
148.62	2.787822e+06 
153.62	2.837596e+06 
158.63	2.883853e+06 
163.63	2.926887e+06 
168.63	2.966963e+06 
173.64	3.004325e+06 
178.64	3.039194e+06 
183.65	3.071772e+06 
188.65	3.102243e+06 
193.65	3.130773e+06 
198.66	3.157516e+06 
203.66	3.182610e+06 
208.67	3.206180e+06 
213.67	3.228342e+06 
218.67	3.249202e+06 
223.68	3.268855e+06 
228.68	3.287388e+06 
233.69	3.304883e+06 
238.69	3.321412e+06 
243.69	3.337043e+06 
248.70	3.351839e+06 
253.70	3.365855e+06 
258.71	3.379143e+06 
263.71	3.391753e+06 
268.71	3.403728e+06 
273.72	3.415108e+06 
278.72	3.425933e+06 
283.73	3.436236e+06 
288.73	3.446050e+06 
293.73	3.455404e+06 
298.74	3.464327e+06 
303.74	3.472843e+06 
308.75	3.480977e+06 
313.75	3.488751e+06 
318.75	3.496185e+06 
323.76	3.503299e+06 
328.76	3.510110e+06 
333.77	3.516635e+06 
338.77	3.522890e+06 
343.77	3.528888e+06 
348.78	3.534645e+06 
353.78	3.540171e+06 
358.79	3.545480e+06 
363.79	3.550582e+06 
368.79	3.555488e+06 
373.80	3.560208e+06 
378.80	3.564750e+06 
383.81	3.569124e+06 
388.81	3.573338e+06 
393.81	3.577398e+06 
398.82	3.581314e+06 
403.82	3.585090e+06 
408.83	3.588734e+06 
413.83	3.592252e+06 
418.83	3.595650e+06 
423.84	3.598932e+06 
428.84	3.602104e+06 
433.85	3.605171e+06 
438.85	3.608137e+06 
443.85	3.611007e+06 
448.86	3.613784e+06 
453.86	3.616473e+06 
458.87	3.619078e+06 
463.87	3.621601e+06 
468.87	3.624046e+06 
473.88	3.626417e+06 
478.88	3.628715e+06 
483.89	3.630945e+06 
488.89	3.633109e+06 
493.89	3.635209e+06 
498.90	3.637248e+06 
503.90	3.639228e+06 
508.91	3.641151e+06 
513.91	3.643020e+06 
518.91	3.644836e+06 
523.92	3.646602e+06 
528.92	3.648320e+06 
533.93	3.649990e+06 
538.93	3.651615e+06 
543.93	3.653196e+06 
548.94	3.654736e+06 
553.94	3.656234e+06 
558.95	3.657694e+06 
563.95	3.659115e+06 
568.95	3.660500e+06 
573.96	3.661850e+06 
578.96	3.663166e+06 
583.97	3.664448e+06 
588.97	3.665699e+06 
593.97	3.666919e+06 
598.98	3.668109e+06 
603.98	3.669270e+06 
608.99	3.670403e+06 
613.99	3.671509e+06 
618.99	3.672588e+06 
624.00	3.673643e+06 
629.00	3.674672e+06 
634.01	3.675678e+06 
639.01	3.676660e+06 
644.01	3.677621e+06 
649.02	3.678559e+06 
654.02	3.679476e+06 
659.03	3.680373e+06 
664.03	3.681250e+06 
669.03	3.682108e+06 
674.04	3.682946e+06 
679.04	3.683767e+06 
684.05	3.684570e+06 
689.05	3.685356e+06 
694.05	3.686125e+06 
699.06	3.686878e+06 
704.06	3.687615e+06 
709.07	3.688336e+06 
714.07	3.689043e+06 
719.07	3.689735e+06 
724.08	3.690414e+06 
729.08	3.691078e+06 
734.09	3.691729e+06 
739.09	3.692367e+06 
744.09	3.692992e+06 
749.10	3.693605e+06 
754.10	3.694206e+06 
759.11	3.694796e+06 
764.11	3.695374e+06 
769.11	3.695940e+06 
774.12	3.696496e+06 
779.12	3.697042e+06 
784.13	3.697577e+06 
789.13	3.698102e+06 
794.13	3.698617e+06 
799.14	3.699123e+06 
804.14	3.699619e+06 
809.15	3.700107e+06 
814.15	3.700585e+06 
819.15	3.701055e+06 
824.16	3.701516e+06 
829.16	3.701969e+06 
834.17	3.702414e+06 
839.17	3.702851e+06 
844.17	3.703281e+06 
849.18	3.703703e+06 
854.18	3.704118e+06 
859.19	3.704525e+06 
864.19	3.704926e+06 
869.19	3.705319e+06 
874.20	3.705706e+06 
879.20	3.706087e+06 
884.21	3.706461e+06 
889.21	3.706829e+06 
894.21	3.707191e+06 
899.22	3.707546e+06 
904.22	3.707896e+06 
909.23	3.708241e+06 
914.23	3.708579e+06 
919.23	3.708912e+06 
924.24	3.709240e+06 
929.24	3.709563e+06 
934.25	3.709880e+06 
939.25	3.710193e+06 
944.25	3.710500e+06 
949.26	3.710803e+06 
954.26	3.711101e+06 
959.27	3.711394e+06 
964.27	3.711683e+06 
969.27	3.711967e+06 
974.28	3.712247e+06 
979.28	3.712523e+06 
984.29	3.712795e+06 
989.29	3.713062e+06 
994.29	3.713326e+06 
999.30	3.713586e+06 
1004.30	3.713841e+06 
1009.31	3.714093e+06 
1014.31	3.714342e+06 
1019.31	3.714586e+06 
1024.32	3.714828e+06 
1029.32	3.715065e+06 
1034.33	3.715299e+06 
1039.33	3.715530e+06 
1044.33	3.715758e+06 
1049.34	3.715982e+06 
1054.34	3.716204e+06 
1059.35	3.716422e+06 
1064.35	3.716637e+06 
1069.35	3.716849e+06 
1074.36	3.717058e+06 
1079.36	3.717264e+06 
1084.37	3.717467e+06 
1089.37	3.717668e+06 
1094.37	3.717866e+06 
1099.38	3.718061e+06 
1104.38	3.718254e+06 
1109.39	3.718444e+06 
1114.39	3.718631e+06 
1119.39	3.718816e+06 
1124.40	3.718999e+06 
1129.40	3.719179e+06 
1134.41	3.719356e+06 
1139.41	3.719532e+06 
1144.41	3.719705e+06 
1149.42	3.719876e+06 
1154.42	3.720044e+06 
1159.43	3.720211e+06 
1164.43	3.720375e+06 
1169.43	3.720538e+06 
1174.44	3.720698e+06 
1179.44	3.720856e+06 
1184.45	3.721012e+06 
1189.45	3.721166e+06 
1194.45	3.721319e+06 
1199.46	3.721469e+06 
1204.46	3.721618e+06 
1209.47	3.721764e+06 
1214.47	3.721909e+06 
1219.47	3.722052e+06 
1224.48	3.722194e+06 
1229.48	3.722334e+06 
1234.49	3.722472e+06 
1239.49	3.722608e+06 
1244.49	3.722743e+06 
1249.50	3.722876e+06 
1254.50	3.723007e+06 
1259.51	3.723137e+06 
1264.51	3.723266e+06 
1269.52	3.723393e+06 
1274.52	3.723518e+06 
1279.52	3.723642e+06 
1284.53	3.723764e+06 
1289.53	3.723886e+06 
1294.54	3.724005e+06 
1299.54	3.724124e+06 
1304.54	3.724241e+06 
1309.55	3.724356e+06 
1314.55	3.724471e+06 
1319.56	3.724584e+06 
1324.56	3.724695e+06 
1329.56	3.724806e+06 
1334.57	3.724915e+06 
1339.57	3.725023e+06 
1344.58	3.725130e+06 
1349.58	3.725236e+06 
1354.58	3.725340e+06 
1359.59	3.725444e+06 
1364.59	3.725546e+06 
1369.60	3.725647e+06 
1374.60	3.725747e+06 
1379.60	3.725846e+06 
1384.61	3.725944e+06 
1389.61	3.726041e+06 
1394.62	3.726137e+06 
1399.62	3.726231e+06 
1404.62	3.726325e+06 
1409.63	3.726418e+06 
1414.63	3.726510e+06 
1419.64	3.726600e+06 
1424.64	3.726690e+06 
1429.64	3.726779e+06 
1434.65	3.726867e+06 
1439.65	3.726954e+06 
1444.66	3.727041e+06 
1449.66	3.727126e+06 
1454.66	3.727210e+06 
1459.67	3.727294e+06 
1464.67	3.727377e+06 
1469.68	3.727458e+06 
1474.68	3.727539e+06 
1479.68	3.727620e+06 
1484.69	3.727699e+06 
1489.69	3.727778e+06 
1494.70	3.727856e+06 
1499.70	3.727933e+06 
1504.70	3.728009e+06 
1509.71	3.728084e+06 
1514.71	3.728159e+06 
1519.72	3.728233e+06 
1524.72	3.728307e+06 
1529.72	3.728379e+06 
1534.73	3.728451e+06 
1539.73	3.728522e+06 
1544.74	3.728593e+06 
1549.74	3.728663e+06 
1554.74	3.728732e+06 
1559.75	3.728800e+06 
1564.75	3.728868e+06 
1569.76	3.728935e+06 
1574.76	3.729002e+06 
1579.76	3.729068e+06 
1584.77	3.729133e+06 
1589.77	3.729198e+06 
1594.78	3.729262e+06 
1599.78	3.729325e+06 
1604.78	3.729388e+06 
1609.79	3.729451e+06 
1614.79	3.729512e+06 
1619.80	3.729574e+06 
1624.80	3.729634e+06 
1629.80	3.729694e+06 
1634.81	3.729754e+06 
1639.81	3.729813e+06 
1644.82	3.729871e+06 
1649.82	3.729929e+06 
1654.82	3.729986e+06 
1659.83	3.730043e+06 
1664.83	3.730100e+06 
1669.84	3.730156e+06 
1674.84	3.730211e+06 
1679.84	3.730266e+06 
1684.85	3.730320e+06 
1689.85	3.730374e+06 
1694.86	3.730427e+06 
1699.86	3.730480e+06 
1704.86	3.730533e+06 
1709.87	3.730585e+06 
1714.87	3.730636e+06 
1719.88	3.730687e+06 
1724.88	3.730738e+06 
1729.88	3.730788e+06 
1734.89	3.730838e+06 
1739.89	3.730888e+06 
1744.90	3.730936e+06 
1749.90	3.730985e+06 
1754.90	3.731033e+06 
1759.91	3.731081e+06 
1764.91	3.731128e+06 
1769.92	3.731175e+06 
1774.92	3.731222e+06 
1779.92	3.731268e+06 
1784.93	3.731313e+06 
1789.93	3.731359e+06 
1794.94	3.731404e+06 
1799.94	3.731448e+06 
1804.94	3.731492e+06 
1809.95	3.731536e+06 
1814.95	3.731580e+06 
1819.96	3.731623e+06 
1824.96	3.731666e+06 
1829.96	3.731708e+06 
1834.97	3.731750e+06 
1839.97	3.731792e+06 
1844.98	3.731833e+06 
1849.98	3.731875e+06 
1854.98	3.731915e+06 
1859.99	3.731956e+06 
1864.99	3.731996e+06 
1870.00	3.732036e+06 
1875.00	3.732075e+06 
1880.00	3.732114e+06 
1885.01	3.732153e+06 
1890.01	3.732191e+06 
1895.02	3.732230e+06 
1900.02	3.732268e+06 
1905.02	3.732305e+06 
1910.03	3.732343e+06 
1915.03	3.732380e+06 
1920.04	3.732416e+06 
1925.04	3.732453e+06 
1930.04	3.732489e+06 
1935.05	3.732525e+06 
1940.05	3.732560e+06 
1945.06	3.732596e+06 
1950.06	3.732631e+06 
1955.06	3.732666e+06 
1960.07	3.732700e+06 
1965.07	3.732735e+06 
1970.08	3.732769e+06 
1975.08	3.732802e+06 
1980.08	3.732836e+06 
1985.09	3.732869e+06 
1990.09	3.732902e+06 
1995.10	3.732935e+06 
2000.10	3.732967e+06 
2005.10	3.733000e+06 
2010.11	3.733032e+06 
2015.11	3.733063e+06 
2020.12	3.733095e+06 
2025.12	3.733126e+06 
2030.12	3.733157e+06 
2035.13	3.733188e+06 
2040.13	3.733219e+06 
2045.14	3.733249e+06 
2050.14	3.733279e+06 
2055.14	3.733309e+06 
2060.15	3.733339e+06 
2065.15	3.733369e+06 
2070.16	3.733398e+06 
2075.16	3.733427e+06 
2080.16	3.733456e+06 
2085.17	3.733485e+06 
2090.17	3.733513e+06 
2095.18	3.733541e+06 
2100.18	3.733570e+06 
2105.18	3.733597e+06 
2110.19	3.733625e+06 
2115.19	3.733653e+06 
2120.20	3.733680e+06 
2125.20	3.733707e+06 
2130.20	3.733734e+06 
2135.21	3.733761e+06 
2140.21	3.733787e+06 
2145.22	3.733813e+06 
2150.22	3.733840e+06 
2155.22	3.733866e+06 
2160.23	3.733891e+06 
2165.23	3.733917e+06 
2170.24	3.733943e+06 
2175.24	3.733968e+06 
2180.24	3.733993e+06 
2185.25	3.734018e+06 
2190.25	3.734043e+06 
2195.26	3.734067e+06 
2200.26	3.734092e+06 
2205.26	3.734116e+06 
2210.27	3.734140e+06 
2215.27	3.734164e+06 
2220.28	3.734188e+06 
2225.28	3.734211e+06 
2230.28	3.734235e+06 
2235.29	3.734258e+06 
2240.29	3.734281e+06 
2245.30	3.734304e+06 
2250.30	3.734327e+06 
2255.30	3.734350e+06 
2260.31	3.734372e+06 
2265.31	3.734394e+06 
2270.32	3.734417e+06 
2275.32	3.734439e+06 
2280.32	3.734461e+06 
2285.33	3.734483e+06 
2290.33	3.734504e+06 
2295.34	3.734526e+06 
2300.34	3.734547e+06 
2305.34	3.734568e+06 
2310.35	3.734589e+06 
2315.35	3.734610e+06 
2320.36	3.734631e+06 
2325.36	3.734652e+06 
2330.36	3.734672e+06 
2335.37	3.734693e+06 
2340.37	3.734713e+06 
2345.38	3.734733e+06 
2350.38	3.734753e+06 
2355.38	3.734773e+06 
2360.39	3.734793e+06 
2365.39	3.734813e+06 
2370.40	3.734832e+06 
2375.40	3.734852e+06 
2380.40	3.734871e+06 
2385.41	3.734890e+06 
2390.41	3.734909e+06 
2395.42	3.734928e+06 
2400.42	3.734947e+06 
2405.42	3.734966e+06 
2410.43	3.734984e+06 
2415.43	3.735003e+06 
2420.44	3.735021e+06 
2425.44	3.735039e+06 
2430.44	3.735057e+06 
2435.45	3.735075e+06 
2440.45	3.735093e+06 
2445.46	3.735111e+06 
2450.46	3.735129e+06 
2455.46	3.735146e+06 
2460.47	3.735164e+06 
2465.47	3.735181e+06 
2470.48	3.735198e+06 
2475.48	3.735215e+06 
2480.48	3.735232e+06 
2485.49	3.735249e+06 
2490.49	3.735266e+06 
2495.50	3.735283e+06 
2500.50	3.735300e+06 
2505.50	3.735316e+06 
2510.51	3.735333e+06 
2515.51	3.735349e+06 
2520.52	3.735365e+06 
2525.52	3.735381e+06 
2530.52	3.735397e+06 
2535.53	3.735413e+06 
2540.53	3.735429e+06 
2545.54	3.735445e+06 
2550.54	3.735461e+06 
2555.54	3.735476e+06 
2560.55	3.735492e+06 
2565.55	3.735507e+06 
2570.56	3.735522e+06 
2575.56	3.735538e+06 
2580.56	3.735553e+06 
2585.57	3.735568e+06 
2590.57	3.735583e+06 
2595.58	3.735598e+06 
2600.58	3.735613e+06 
2605.58	3.735627e+06 
2610.59	3.735642e+06 
2615.59	3.735656e+06 
2620.60	3.735671e+06 
2625.60	3.735685e+06 
2630.60	3.735699e+06 
2635.61	3.735714e+06 
2640.61	3.735728e+06 
2645.62	3.735742e+06 
2650.62	3.735756e+06 
2655.62	3.735770e+06 
2660.63	3.735784e+06 
2665.63	3.735797e+06 
2670.64	3.735811e+06 
2675.64	3.735825e+06 
2680.64	3.735838e+06 
2685.65	3.735851e+06 
2690.65	3.735865e+06 
2695.66	3.735878e+06 
2700.66	3.735891e+06 
2705.66	3.735904e+06 
2710.67	3.735917e+06 
2715.67	3.735930e+06 
2720.68	3.735943e+06 
2725.68	3.735956e+06 
2730.68	3.735969e+06 
2735.69	3.735982e+06 
2740.69	3.735994e+06 
2745.70	3.736007e+06 
2750.70	3.736019e+06 
2755.70	3.736032e+06 
2760.71	3.736044e+06 
2765.71	3.736057e+06 
2770.72	3.736069e+06 
2775.72	3.736081e+06 
2780.72	3.736093e+06 
2785.73	3.736105e+06 
2790.73	3.736117e+06 
2795.74	3.736129e+06 
2800.74	3.736141e+06 
2805.74	3.736153e+06 
2810.75	3.736164e+06 
2815.75	3.736176e+06 
2820.76	3.736188e+06 
2825.76	3.736199e+06 
2830.76	3.736211e+06 
2835.77	3.736222e+06 
2840.77	3.736233e+06 
2845.78	3.736245e+06 
2850.78	3.736256e+06 
2855.78	3.736267e+06 
2860.79	3.736278e+06 
2865.79	3.736289e+06 
2870.80	3.736300e+06 
2875.80	3.736311e+06 
2880.80	3.736322e+06 
2885.81	3.736333e+06 
2890.81	3.736344e+06 
2895.82	3.736354e+06 
2900.82	3.736365e+06 
2905.82	3.736375e+06 
2910.83	3.736386e+06 
2915.83	3.736397e+06 
2920.84	3.736407e+06 
2925.84	3.736417e+06 
2930.84	3.736428e+06 
2935.85	3.736438e+06 
2940.85	3.736448e+06 
2945.86	3.736458e+06 
2950.86	3.736468e+06 
2955.86	3.736479e+06 
2960.87	3.736489e+06 
2965.87	3.736499e+06 
2970.88	3.736508e+06 
2975.88	3.736518e+06 
2980.88	3.736528e+06 
2985.89	3.736538e+06 
2990.89	3.736548e+06 
2995.90	3.736557e+06 
3000.90	3.736567e+06 
3005.90	3.736577e+06 
3010.91	3.736586e+06 
3015.91	3.736596e+06 
3020.92	3.736605e+06 
3025.92	3.736614e+06 
3030.92	3.736624e+06 
3035.93	3.736633e+06 
3040.93	3.736642e+06 
3045.94	3.736651e+06 
3050.94	3.736661e+06 
3055.94	3.736670e+06 
3060.95	3.736679e+06 
3065.95	3.736688e+06 
3070.96	3.736697e+06 
3075.96	3.736706e+06 
3080.96	3.736715e+06 
3085.97	3.736724e+06 
3090.97	3.736732e+06 
3095.98	3.736741e+06 
3100.98	3.736750e+06 
3105.98	3.736758e+06 
3110.99	3.736767e+06 
3115.99	3.736776e+06 
3121.00	3.736784e+06 
3126.00	3.736793e+06 
3131.00	3.736801e+06 
3136.01	3.736810e+06 
3141.01	3.736818e+06 
3146.02	3.736826e+06 
3151.02	3.736835e+06 
3156.02	3.736843e+06 
3161.03	3.736851e+06 
3166.03	3.736859e+06 
3171.04	3.736868e+06 
3176.04	3.736876e+06 
3181.04	3.736884e+06 
3186.05	3.736892e+06 
3191.05	3.736900e+06 
3196.06	3.736908e+06 
3201.06	3.736916e+06 
3206.06	3.736924e+06 
3211.07	3.736932e+06 
3216.07	3.736939e+06 
3221.08	3.736947e+06 
3226.08	3.736955e+06 
3231.08	3.736963e+06 
3236.09	3.736970e+06 
3241.09	3.736978e+06 
3246.10	3.736986e+06 
3251.10	3.736993e+06 
3256.10	3.737001e+06 
3261.11	3.737008e+06 
3266.11	3.737016e+06 
3271.12	3.737023e+06 
3276.12	3.737030e+06 
3281.12	3.737038e+06 
3286.13	3.737045e+06 
3291.13	3.737052e+06 
3296.14	3.737060e+06 
3301.14	3.737067e+06 
3306.14	3.737074e+06 
3311.15	3.737081e+06 
3316.15	3.737088e+06 
3321.16	3.737096e+06 
3326.16	3.737103e+06 
3331.16	3.737110e+06 
3336.17	3.737117e+06 
3341.17	3.737124e+06 
3346.18	3.737131e+06 
3351.18	3.737137e+06 
3356.18	3.737144e+06 
3361.19	3.737151e+06 
3366.19	3.737158e+06 
3371.20	3.737165e+06 
3376.20	3.737172e+06 
3381.20	3.737178e+06 
3386.21	3.737185e+06 
3391.21	3.737192e+06 
3396.22	3.737198e+06 
3401.22	3.737205e+06 
3406.22	3.737211e+06 
3411.23	3.737218e+06 
3416.23	3.737225e+06 
3421.24	3.737231e+06 
3426.24	3.737238e+06 
3431.24	3.737244e+06 
3436.25	3.737250e+06 
3441.25	3.737257e+06 
3446.26	3.737263e+06 
3451.26	3.737269e+06 
3456.26	3.737276e+06 
3461.27	3.737282e+06 
3466.27	3.737288e+06 
3471.28	3.737294e+06 
3476.28	3.737301e+06 
3481.28	3.737307e+06 
3486.29	3.737313e+06 
3491.29	3.737319e+06 
3496.30	3.737325e+06 
3501.30	3.737331e+06 
3506.30	3.737337e+06 
3511.31	3.737343e+06 
3516.31	3.737349e+06 
3521.32	3.737355e+06 
3526.32	3.737361e+06 
3531.32	3.737367e+06 
3536.33	3.737373e+06 
3541.33	3.737379e+06 
3546.34	3.737385e+06 
3551.34	3.737390e+06 
3556.34	3.737396e+06 
3561.35	3.737402e+06 
3566.35	3.737408e+06 
3571.36	3.737413e+06 
3576.36	3.737419e+06 
3581.36	3.737425e+06 
3586.37	3.737430e+06 
3591.37	3.737436e+06 
3596.38	3.737442e+06 
3601.38	3.737447e+06 
3606.38	3.737453e+06 
3611.39	3.737458e+06 
3616.39	3.737464e+06 
3621.40	3.737469e+06 
3626.40	3.737475e+06 
3631.40	3.737480e+06 
3636.41	3.737486e+06 
3641.41	3.737491e+06 
3646.42	3.737496e+06 
3651.42	3.737502e+06 
3656.42	3.737507e+06 
3661.43	3.737512e+06 
3666.43	3.737518e+06 
3671.44	3.737523e+06 
3676.44	3.737528e+06 
3681.44	3.737533e+06 
3686.45	3.737538e+06 
3691.45	3.737544e+06 
3696.46	3.737549e+06 
3701.46	3.737554e+06 
3706.46	3.737559e+06 
3711.47	3.737564e+06 
3716.47	3.737569e+06 
3721.48	3.737574e+06 
3726.48	3.737579e+06 
3731.48	3.737584e+06 
3736.49	3.737589e+06 
3741.49	3.737594e+06 
3746.50	3.737599e+06 
3751.50	3.737604e+06 
3756.51	3.737609e+06 
3761.51	3.737614e+06 
3766.51	3.737619e+06 
3771.52	3.737624e+06 
3776.52	3.737628e+06 
3781.53	3.737633e+06 
3786.53	3.737638e+06 
3791.53	3.737643e+06 
3796.54	3.737648e+06 
3801.54	3.737652e+06 
3806.55	3.737657e+06 
3811.55	3.737662e+06 
3816.55	3.737666e+06 
3821.56	3.737671e+06 
3826.56	3.737676e+06 
3831.57	3.737680e+06 
3836.57	3.737685e+06 
3841.57	3.737689e+06 
3846.58	3.737694e+06 
3851.58	3.737699e+06 
3856.59	3.737703e+06 
3861.59	3.737708e+06 
3866.59	3.737712e+06 
3871.60	3.737717e+06 
3876.60	3.737721e+06 
3881.61	3.737726e+06 
3886.61	3.737730e+06 
3891.61	3.737734e+06 
3896.62	3.737739e+06 
3901.62	3.737743e+06 
3906.63	3.737748e+06 
3911.63	3.737752e+06 
3916.63	3.737756e+06 
3921.64	3.737760e+06 
3926.64	3.737765e+06 
3931.65	3.737769e+06 
3936.65	3.737773e+06 
3941.65	3.737778e+06 
3946.66	3.737782e+06 
3951.66	3.737786e+06 
3956.67	3.737790e+06 
3961.67	3.737794e+06 
3966.67	3.737799e+06 
3971.68	3.737803e+06 
3976.68	3.737807e+06 
3981.69	3.737811e+06 
3986.69	3.737815e+06 
3991.69	3.737819e+06 
3996.70	3.737823e+06 
4001.70	3.737827e+06 
4006.71	3.737831e+06 
4011.71	3.737835e+06 
4016.71	3.737839e+06 
4021.72	3.737843e+06 
4026.72	3.737847e+06 
4031.73	3.737851e+06 
4036.73	3.737855e+06 
4041.73	3.737859e+06 
4046.74	3.737863e+06 
4051.74	3.737867e+06 
4056.75	3.737871e+06 
4061.75	3.737875e+06 
4066.75	3.737879e+06 
4071.76	3.737883e+06 
4076.76	3.737886e+06 
4081.77	3.737890e+06 
4086.77	3.737894e+06 
4091.77	3.737898e+06 
4096.78	3.737902e+06 
4101.78	3.737905e+06 
4106.79	3.737909e+06 
4111.79	3.737913e+06 
4116.79	3.737917e+06 
4121.80	3.737920e+06 
4126.80	3.737924e+06 
4131.81	3.737928e+06 
4136.81	3.737931e+06 
4141.81	3.737935e+06 
4146.82	3.737939e+06 
4151.82	3.737942e+06 
4156.83	3.737946e+06 
4161.83	3.737950e+06 
4166.83	3.737953e+06 
4171.84	3.737957e+06 
4176.84	3.737960e+06 
4181.85	3.737964e+06 
4186.85	3.737967e+06 
4191.85	3.737971e+06 
4196.86	3.737974e+06 
4201.86	3.737978e+06 
4206.87	3.737981e+06 
4211.87	3.737985e+06 
4216.87	3.737988e+06 
4221.88	3.737992e+06 
4226.88	3.737995e+06 
4231.89	3.737999e+06 
4236.89	3.738002e+06 
4241.89	3.738006e+06 
4246.90	3.738009e+06 
4251.90	3.738012e+06 
4256.91	3.738016e+06 
4261.91	3.738019e+06 
4266.91	3.738022e+06 
4271.92	3.738026e+06 
4276.92	3.738029e+06 
4281.93	3.738032e+06 
4286.93	3.738036e+06 
4291.93	3.738039e+06 
4296.94	3.738042e+06 
4301.94	3.738046e+06 
4306.95	3.738049e+06 
4311.95	3.738052e+06 
4316.95	3.738055e+06 
4321.96	3.738058e+06 
4326.96	3.738062e+06 
4331.97	3.738065e+06 
4336.97	3.738068e+06 
4341.97	3.738071e+06 
4346.98	3.738074e+06 
4351.98	3.738078e+06 
4356.99	3.738081e+06 
4361.99	3.738084e+06 
4366.99	3.738087e+06 
4372.00	3.738090e+06 
4377.00	3.738093e+06 
4382.01	3.738096e+06 
4387.01	3.738099e+06 
4392.01	3.738102e+06 
4397.02	3.738106e+06 
4402.02	3.738109e+06 
4407.03	3.738112e+06 
4412.03	3.738115e+06 
4417.03	3.738118e+06 
4422.04	3.738121e+06 
4427.04	3.738124e+06 
4432.05	3.738127e+06 
4437.05	3.738130e+06 
4442.05	3.738133e+06 
4447.06	3.738136e+06 
4452.06	3.738138e+06 
4457.07	3.738141e+06 
4462.07	3.738144e+06 
4467.07	3.738147e+06 
4472.08	3.738150e+06 
4477.08	3.738153e+06 
4482.09	3.738156e+06 
4487.09	3.738159e+06 
4492.09	3.738162e+06 
4497.10	3.738165e+06 
4502.10	3.738167e+06 
4507.11	3.738170e+06 
4512.11	3.738173e+06 
4517.11	3.738176e+06 
4522.12	3.738179e+06 
4527.12	3.738182e+06 
4532.13	3.738184e+06 
4537.13	3.738187e+06 
4542.13	3.738190e+06 
4547.14	3.738193e+06 
4552.14	3.738195e+06 
4557.15	3.738198e+06 
4562.15	3.738201e+06 
4567.15	3.738204e+06 
4572.16	3.738206e+06 
4577.16	3.738209e+06 
4582.17	3.738212e+06 
4587.17	3.738214e+06 
4592.17	3.738217e+06 
4597.18	3.738220e+06 
4602.18	3.738222e+06 
4607.19	3.738225e+06 
4612.19	3.738228e+06 
4617.19	3.738230e+06 
4622.20	3.738233e+06 
4627.20	3.738236e+06 
4632.21	3.738238e+06 
4637.21	3.738241e+06 
4642.21	3.738244e+06 
4647.22	3.738246e+06 
4652.22	3.738249e+06 
4657.23	3.738251e+06 
4662.23	3.738254e+06 
4667.23	3.738256e+06 
4672.24	3.738259e+06 
4677.24	3.738261e+06 
4682.25	3.738264e+06 
4687.25	3.738267e+06 
4692.25	3.738269e+06 
4697.26	3.738272e+06 
4702.26	3.738274e+06 
4707.27	3.738277e+06 
4712.27	3.738279e+06 
4717.27	3.738282e+06 
4722.28	3.738284e+06 
4727.28	3.738286e+06 
4732.29	3.738289e+06 
4737.29	3.738291e+06 
4742.29	3.738294e+06 
4747.30	3.738296e+06 
4752.30	3.738299e+06 
4757.31	3.738301e+06 
4762.31	3.738303e+06 
4767.31	3.738306e+06 
4772.32	3.738308e+06 
4777.32	3.738311e+06 
4782.33	3.738313e+06 
4787.33	3.738315e+06 
4792.33	3.738318e+06 
4797.34	3.738320e+06 
4802.34	3.738322e+06 
4807.35	3.738325e+06 
4812.35	3.738327e+06 
4817.35	3.738329e+06 
4822.36	3.738332e+06 
4827.36	3.738334e+06 
4832.37	3.738336e+06 
4837.37	3.738339e+06 
4842.37	3.738341e+06 
4847.38	3.738343e+06 
4852.38	3.738346e+06 
4857.39	3.738348e+06 
4862.39	3.738350e+06 
4867.39	3.738352e+06 
4872.40	3.738355e+06 
4877.40	3.738357e+06 
4882.41	3.738359e+06 
4887.41	3.738361e+06 
4892.41	3.738364e+06 
4897.42	3.738366e+06 
4902.42	3.738368e+06 
4907.43	3.738370e+06 
4912.43	3.738372e+06 
4917.43	3.738375e+06 
4922.44	3.738377e+06 
4927.44	3.738379e+06 
4932.45	3.738381e+06 
4937.45	3.738383e+06 
4942.45	3.738385e+06 
4947.46	3.738388e+06 
4952.46	3.738390e+06 
4957.47	3.738392e+06 
4962.47	3.738394e+06 
4967.47	3.738396e+06 
4972.48	3.738398e+06 
4977.48	3.738400e+06 
4982.49	3.738402e+06 
4987.49	3.738404e+06 
4992.49	3.738407e+06 
4997.50	3.738409e+06 