Material: iron, electronic heat capacity calculated based on spin resolved DFT calculation from Jan Vorberger, sum mino+majo
Temperature [K], c_e [J/(m^3K)]
14.00	6.531976e+03
22.00	1.149887e+04
29.99	1.327503e+04
37.99	1.483962e+04
45.99	1.694922e+04
53.99	1.946529e+04
61.99	2.242924e+04
69.98	2.521955e+04
77.98	2.790488e+04
85.98	3.083361e+04
93.98	3.344424e+04
101.98	3.656926e+04
109.97	3.901608e+04
117.97	4.215252e+04
125.97	4.442416e+04
133.97	4.751977e+04
141.97	5.003051e+04
149.96	5.258567e+04
157.96	5.530491e+04
165.96	5.778207e+04
173.96	6.074633e+04
181.96	6.300506e+04
189.95	6.579906e+04
197.95	6.827953e+04
205.95	7.081268e+04
213.95	7.350152e+04
221.95	7.593197e+04
229.94	7.863863e+04
237.94	8.120548e+04
245.94	8.365159e+04
253.94	8.641768e+04
261.94	8.909216e+04
269.93	9.142175e+04
277.93	9.409733e+04
285.93	9.686873e+04
293.93	9.921077e+04
301.93	1.018841e+05
309.92	1.046124e+05
317.92	1.071132e+05
325.92	1.096916e+05
333.92	1.121379e+05
341.92	1.150797e+05
349.91	1.171784e+05
357.91	1.201544e+05
365.91	1.225627e+05
373.91	1.250139e+05
381.91	1.278167e+05
389.90	1.300480e+05
397.90	1.329254e+05
405.90	1.351750e+05
413.90	1.376841e+05
421.90	1.403139e+05
429.89	1.428560e+05
437.89	1.452526e+05
445.89	1.475318e+05
453.89	1.502982e+05
461.89	1.525019e+05
469.88	1.550409e+05
477.88	1.574379e+05
485.88	1.597951e+05
493.88	1.622658e+05
501.88	1.647045e+05
509.87	1.670179e+05
517.87	1.693491e+05
525.87	1.717376e+05
533.87	1.738939e+05
541.87	1.765732e+05
549.86	1.787650e+05
557.86	1.808902e+05
565.86	1.835089e+05
573.86	1.856099e+05
581.86	1.878470e+05
589.85	1.901656e+05
597.85	1.924006e+05
605.85	1.949257e+05
613.85	1.968318e+05
621.85	1.992742e+05
629.84	2.014018e+05
637.84	2.037661e+05
645.84	2.058255e+05
653.84	2.081918e+05
661.84	2.104230e+05
669.83	2.125058e+05
677.83	2.147563e+05
685.83	2.169313e+05
693.83	2.191473e+05
701.83	2.212615e+05
709.82	2.236905e+05
717.82	2.255657e+05
725.82	2.279586e+05
733.82	2.302013e+05
741.82	2.320569e+05
749.81	2.346195e+05
757.81	2.365474e+05
765.81	2.387304e+05
773.81	2.408909e+05
781.81	2.430800e+05
789.80	2.454509e+05
797.80	2.472613e+05
805.80	2.498009e+05
813.80	2.517439e+05
821.80	2.540719e+05
829.79	2.560087e+05
837.79	2.583113e+05
845.79	2.605292e+05
853.79	2.626552e+05
861.79	2.649007e+05
869.78	2.671429e+05
877.78	2.692801e+05
885.78	2.715035e+05
893.78	2.735983e+05
901.78	2.758861e+05
909.77	2.780236e+05
917.77	2.803389e+05
925.77	2.824926e+05
933.77	2.849150e+05
941.77	2.869540e+05
949.76	2.891394e+05
957.76	2.913588e+05
965.76	2.938176e+05
973.76	2.960849e+05
981.76	2.982623e+05
989.75	3.004505e+05
997.75	3.028568e+05
1005.75	3.050514e+05
1013.75	3.073472e+05
1021.75	3.096362e+05
1029.74	3.121198e+05
1037.74	3.142703e+05
1045.74	3.167126e+05
1053.74	3.191310e+05
1061.74	3.211988e+05
1069.73	3.238681e+05
1077.73	3.260698e+05
1085.73	3.284502e+05
1093.73	3.308781e+05
1101.73	3.332606e+05
1109.72	3.358014e+05
1117.72	3.380735e+05
1125.72	3.405932e+05
1133.72	3.431646e+05
1141.72	3.453485e+05
1149.71	3.480976e+05
1157.71	3.503429e+05
1165.71	3.531465e+05
1173.71	3.554568e+05
1181.71	3.578980e+05
1189.70	3.605591e+05
1197.70	3.631428e+05
1205.70	3.658294e+05
1213.70	3.682328e+05
1221.70	3.706436e+05
1229.69	3.734815e+05
1237.69	3.762101e+05
1245.69	3.786498e+05
1253.69	3.813753e+05
1261.69	3.840315e+05
1269.68	3.866578e+05
1277.68	3.894983e+05
1285.68	3.921302e+05
1293.68	3.947502e+05
1301.68	3.974684e+05
1309.67	4.003678e+05
1317.67	4.029681e+05
1325.67	4.057464e+05
1333.67	4.089250e+05
1341.67	4.112686e+05
1349.66	4.142060e+05
1357.66	4.172311e+05
1365.66	4.199220e+05
1373.66	4.228121e+05
1381.66	4.258678e+05
1389.65	4.285058e+05
1397.65	4.316139e+05
1405.65	4.343031e+05
1413.65	4.375732e+05
1421.65	4.403097e+05
1429.64	4.434322e+05
1437.64	4.464045e+05
1445.64	4.493770e+05
1453.64	4.521980e+05
1461.64	4.555920e+05
1469.63	4.583740e+05
1477.63	4.616129e+05
1485.63	4.646209e+05
1493.63	4.678184e+05
1501.63	4.707440e+05
1509.62	4.741624e+05
1517.62	4.770441e+05
1525.62	4.803032e+05
1533.62	4.835184e+05
1541.62	4.868053e+05
1549.61	4.898595e+05
1557.61	4.931727e+05
1565.61	4.962527e+05
1573.61	4.997070e+05
1581.61	5.029281e+05
1589.60	5.062197e+05
1597.60	5.095337e+05
1605.60	5.127788e+05
1613.60	5.162315e+05
1621.60	5.194992e+05
1629.59	5.229049e+05
1637.59	5.261947e+05
1645.59	5.298056e+05
1653.59	5.329312e+05
1661.59	5.366130e+05
1669.58	5.399434e+05
1677.58	5.433425e+05
1685.58	5.469287e+05
1693.58	5.501635e+05
1701.58	5.539517e+05
1709.57	5.572598e+05
1717.57	5.610659e+05
1725.57	5.642738e+05
1733.57	5.679709e+05
1741.57	5.714984e+05
1749.56	5.752135e+05
1757.56	5.787578e+05
1765.56	5.824282e+05
1773.56	5.859277e+05
1781.56	5.894349e+05
1789.55	5.933718e+05
1797.55	5.970760e+05
1805.55	6.004881e+05
1813.55	6.043286e+05
1821.55	6.079364e+05
1829.54	6.118536e+05
1837.54	6.154180e+05
1845.54	6.193504e+05
1853.54	6.228717e+05
1861.54	6.268181e+05
1869.53	6.304749e+05
1877.53	6.343211e+05
1885.53	6.379915e+05
1893.53	6.421504e+05
1901.53	6.457770e+05
1909.52	6.497152e+05
1917.52	6.534759e+05
1925.52	6.573028e+05
1933.52	6.612646e+05
1941.52	6.650476e+05
1949.51	6.691957e+05
1957.51	6.730571e+05
1965.51	6.768611e+05
1973.51	6.808538e+05
1981.51	6.847362e+05
1989.50	6.887353e+05
1997.50	6.928710e+05
2005.50	6.968232e+05
2013.50	7.006136e+05
2021.50	7.048174e+05
2029.49	7.087351e+05
2037.49	7.128901e+05
2045.49	7.167593e+05
2053.49	7.209897e+05
2061.49	7.249831e+05
2069.48	7.288642e+05
2077.48	7.331051e+05
2085.48	7.372331e+05
2093.48	7.414212e+05
2101.48	7.454958e+05
2109.47	7.494569e+05
2117.47	7.536492e+05
2125.47	7.578530e+05
2133.47	7.619424e+05
2141.47	7.661343e+05
2149.46	7.702918e+05
2157.46	7.745503e+05
2165.46	7.785206e+05
2173.46	7.829715e+05
2181.46	7.870504e+05
2189.45	7.914373e+05
2197.45	7.954075e+05
2205.45	7.997285e+05
2213.45	8.041005e+05
2221.45	8.081820e+05
2229.44	8.124419e+05
2237.44	8.167511e+05
2245.44	8.211085e+05
2253.44	8.253025e+05
2261.44	8.295843e+05
2269.43	8.340005e+05
2277.43	8.381634e+05
2285.43	8.425001e+05
2293.43	8.468412e+05
2301.43	8.512643e+05
2309.42	8.555211e+05
2317.42	8.598190e+05
2325.42	8.641188e+05
2333.42	8.685887e+05
2341.42	8.729662e+05
2349.41	8.771755e+05
2357.41	8.817572e+05
2365.41	8.861329e+05
2373.41	8.902809e+05
2381.41	8.948570e+05
2389.40	8.993341e+05
2397.40	9.035079e+05
2405.40	9.081436e+05
2413.40	9.125096e+05
2421.40	9.168351e+05
2429.39	9.213893e+05
2437.39	9.259019e+05
2445.39	9.301406e+05
2453.39	9.345366e+05
2461.39	9.392227e+05
2469.38	9.436637e+05
2477.38	9.480285e+05
2485.38	9.526117e+05
2493.38	9.568502e+05
2501.38	9.615721e+05
2509.37	9.659794e+05
2517.37	9.705367e+05
2525.37	9.749430e+05
2533.37	9.794972e+05
2541.37	9.838685e+05
2549.36	9.885806e+05
2557.36	9.930789e+05
2565.36	9.974789e+05
2573.36	1.002129e+06
2581.36	1.006621e+06
2589.35	1.010953e+06
2597.35	1.015726e+06
2605.35	1.020201e+06
2613.35	1.024786e+06
2621.35	1.029208e+06
2629.34	1.033765e+06
2637.34	1.038457e+06
2645.34	1.042982e+06
2653.34	1.047451e+06
2661.34	1.052102e+06
2669.33	1.056695e+06
2677.33	1.061117e+06
2685.33	1.065829e+06
2693.33	1.070344e+06
2701.33	1.074984e+06
2709.32	1.079449e+06
2717.32	1.084176e+06
2725.32	1.088748e+06
2733.32	1.093257e+06
2741.32	1.097887e+06
2749.31	1.102496e+06
2757.31	1.107062e+06
2765.31	1.111745e+06
2773.31	1.116221e+06
2781.31	1.120975e+06
2789.30	1.125379e+06
2797.30	1.130198e+06
2805.30	1.134685e+06
2813.30	1.139244e+06
2821.30	1.144093e+06
2829.29	1.148568e+06
2837.29	1.153170e+06
2845.29	1.157859e+06
2853.29	1.162350e+06
2861.29	1.167089e+06
2869.28	1.171628e+06
2877.28	1.176268e+06
2885.28	1.180849e+06
2893.28	1.185530e+06
2901.28	1.190310e+06
2909.27	1.194708e+06
2917.27	1.199378e+06
2925.27	1.204112e+06
2933.27	1.208653e+06
2941.27	1.213286e+06
2949.26	1.217996e+06
2957.26	1.222639e+06
2965.26	1.227067e+06
2973.26	1.231890e+06
2981.26	1.236495e+06
2989.25	1.241027e+06
2997.25	1.245792e+06
3005.25	1.250336e+06
3013.25	1.255111e+06
3021.25	1.259504e+06
3029.24	1.264296e+06
3037.24	1.268840e+06
3045.24	1.273633e+06
3053.24	1.278177e+06
3061.24	1.282651e+06
3069.23	1.287507e+06
3077.23	1.292132e+06
3085.23	1.296515e+06
3093.23	1.301427e+06
3101.23	1.305955e+06
3109.22	1.310397e+06
3117.22	1.315216e+06
3125.22	1.319789e+06
3133.22	1.324430e+06
3141.22	1.328981e+06
3149.21	1.333756e+06
3157.21	1.338281e+06
3165.21	1.342870e+06
3173.21	1.347365e+06
3181.21	1.352231e+06
3189.20	1.356693e+06
3197.20	1.361372e+06
3205.20	1.365948e+06
3213.20	1.370583e+06
3221.20	1.375123e+06
3229.19	1.379715e+06
3237.19	1.384358e+06
3245.19	1.388908e+06
3253.19	1.393660e+06
3261.19	1.398156e+06
3269.18	1.402703e+06
3277.18	1.407299e+06
3285.18	1.411945e+06
3293.18	1.416330e+06
3301.18	1.421227e+06
3309.17	1.425551e+06
3317.17	1.430231e+06
3325.17	1.434957e+06
3333.17	1.439260e+06
3341.17	1.444074e+06
3349.16	1.448464e+06
3357.16	1.452896e+06
3365.16	1.457837e+06
3373.16	1.462195e+06
3381.16	1.466749e+06
3389.15	1.471187e+06
3397.15	1.475816e+06
3405.15	1.480486e+06
3413.15	1.484880e+06
3421.15	1.489465e+06
3429.14	1.493928e+06
3437.14	1.498429e+06
3445.14	1.503118e+06
3453.14	1.507529e+06
3461.14	1.512131e+06
3469.13	1.516599e+06
3477.13	1.520952e+06
3485.13	1.525643e+06
3493.13	1.530208e+06
3501.13	1.534652e+06
3509.12	1.539111e+06
3517.12	1.543608e+06
3525.12	1.548130e+06
3533.12	1.552523e+06
3541.12	1.557093e+06
3549.11	1.561533e+06
3557.11	1.566002e+06
3565.11	1.570331e+06
3573.11	1.575005e+06
3581.11	1.579383e+06
3589.10	1.583781e+06
3597.10	1.588360e+06
3605.10	1.592651e+06
3613.10	1.597266e+06
3621.10	1.601591e+06
3629.09	1.606095e+06
3637.09	1.610298e+06
3645.09	1.614833e+06
3653.09	1.619392e+06
3661.09	1.623649e+06
3669.08	1.628235e+06
3677.08	1.632364e+06
3685.08	1.636986e+06
3693.08	1.641302e+06
3701.08	1.645628e+06
3709.07	1.649976e+06
3717.07	1.654500e+06
3725.07	1.658700e+06
3733.07	1.663088e+06
3741.07	1.667636e+06
3749.06	1.671886e+06
3757.06	1.676143e+06
3765.06	1.680724e+06
3773.06	1.684839e+06
3781.06	1.689126e+06
3789.05	1.693417e+06
3797.05	1.698031e+06
3805.05	1.702193e+06
3813.05	1.706492e+06
3821.05	1.710827e+06
3829.04	1.714995e+06
3837.04	1.719314e+06
3845.04	1.723669e+06
3853.04	1.728007e+06
3861.04	1.732192e+06
3869.03	1.736545e+06
3877.03	1.740576e+06
3885.03	1.744945e+06
3893.03	1.749462e+06
3901.03	1.753503e+06
3909.02	1.757712e+06
3917.02	1.761916e+06
3925.02	1.765965e+06
3933.02	1.770503e+06
3941.02	1.774692e+06
3949.01	1.778745e+06
3957.01	1.782964e+06
3965.01	1.787327e+06
3973.01	1.791210e+06
3981.01	1.795580e+06
3989.00	1.799769e+06
3997.00	1.803822e+06
4005.00	1.808167e+06
4013.00	1.812052e+06
4021.00	1.816402e+06
4028.99	1.820591e+06
4036.99	1.824595e+06
4044.99	1.828787e+06
4052.99	1.832969e+06
4060.99	1.836963e+06
4068.98	1.840971e+06
4076.98	1.845291e+06
4084.98	1.849273e+06
4092.98	1.853418e+06
4100.98	1.857399e+06
4108.97	1.861516e+06
4116.97	1.865673e+06
4124.97	1.869435e+06
4132.97	1.873889e+06
4140.97	1.877648e+06
4148.96	1.881745e+06
4156.96	1.885826e+06
4164.96	1.889920e+06
4172.96	1.893969e+06
4180.96	1.897702e+06
4188.95	1.901746e+06
4196.95	1.905950e+06
4204.95	1.909809e+06
4212.95	1.913978e+06
4220.95	1.917682e+06
4228.94	1.921813e+06
4236.94	1.925628e+06
4244.94	1.929783e+06
4252.94	1.933559e+06
4260.94	1.937527e+06
4268.93	1.941442e+06
4276.93	1.945518e+06
4284.93	1.949277e+06
4292.93	1.953162e+06
4300.93	1.957060e+06
4308.92	1.961085e+06
4316.92	1.964939e+06
4324.92	1.968624e+06
4332.92	1.972765e+06
4340.92	1.976257e+06
4348.91	1.980534e+06
4356.91	1.984163e+06
4364.91	1.987952e+06
4372.91	1.992013e+06
4380.91	1.995572e+06
4388.90	1.999473e+06
4396.90	2.003351e+06
4404.90	2.007205e+06
4412.90	2.010887e+06
4420.90	2.014691e+06
4428.89	2.018323e+06
4436.89	2.022300e+06
4444.89	2.026066e+06
4452.89	2.029660e+06
4460.89	2.033561e+06
4468.88	2.037288e+06
4476.88	2.040990e+06
4484.88	2.044666e+06
4492.88	2.048354e+06
4500.88	2.051976e+06
4508.87	2.055798e+06
4516.87	2.059740e+06
4524.87	2.063175e+06
4532.87	2.066728e+06
4540.87	2.070482e+06
4548.86	2.074356e+06
4556.86	2.077680e+06
4564.86	2.081540e+06
4572.86	2.085183e+06
4580.86	2.088652e+06
4588.85	2.092428e+06
4596.85	2.096029e+06
4604.85	2.099559e+06
4612.85	2.103146e+06
4620.85	2.106850e+06
4628.84	2.110336e+06
4636.84	2.113836e+06
4644.84	2.117643e+06
4652.84	2.121084e+06
4660.84	2.124541e+06
4668.83	2.128069e+06
4676.83	2.131656e+06
4684.83	2.135215e+06
4692.83	2.138698e+06
4700.83	2.142196e+06
4708.82	2.145665e+06
4716.82	2.149294e+06
4724.82	2.152702e+06
4732.82	2.156125e+06
4740.82	2.159664e+06
4748.81	2.163026e+06
4756.81	2.166550e+06
4764.81	2.170043e+06
4772.81	2.173506e+06
4780.81	2.176792e+06
4788.80	2.180192e+06
4796.80	2.183803e+06
4804.80	2.187140e+06
4812.80	2.190350e+06
4820.80	2.193818e+06
4828.79	2.197354e+06
4836.79	2.200614e+06
4844.79	2.204037e+06
4852.79	2.207283e+06
4860.79	2.210693e+06
4868.78	2.213875e+06
4876.78	2.217416e+06
4884.78	2.220535e+06
4892.78	2.224012e+06
4900.78	2.227313e+06
4908.77	2.230530e+06
4916.77	2.233964e+06
4924.77	2.237116e+06
4932.77	2.240537e+06
4940.77	2.243480e+06
4948.76	2.247125e+06
4956.76	2.250109e+06
4964.76	2.253492e+06
4972.76	2.256608e+06
4980.76	2.259926e+06
4988.75	2.263175e+06
4996.75	2.266139e+06
5004.75	2.269467e+06
5012.75	2.272906e+06
5020.75	2.275682e+06
5028.74	2.279254e+06
5036.74	2.282108e+06
5044.74	2.285327e+06
5052.74	2.288514e+06
5060.74	2.291811e+06
5068.73	2.294732e+06
5076.73	2.297876e+06
5084.73	2.301274e+06
5092.73	2.304152e+06
5100.73	2.307197e+06
5108.72	2.310353e+06
5116.72	2.313475e+06
5124.72	2.316278e+06
5132.72	2.319736e+06
5140.72	2.322615e+06
5148.71	2.325722e+06
5156.71	2.328677e+06
5164.71	2.331718e+06
5172.71	2.334868e+06
5180.71	2.337842e+06
5188.70	2.340925e+06
5196.70	2.343833e+06
5204.70	2.346707e+06
5212.70	2.349894e+06
5220.70	2.352762e+06
5228.69	2.355739e+06
5236.69	2.358826e+06
5244.69	2.361655e+06
5252.69	2.364676e+06
5260.69	2.367581e+06
5268.68	2.370454e+06
5276.68	2.373436e+06
5284.68	2.376446e+06
5292.68	2.379219e+06
5300.68	2.382164e+06
5308.67	2.384870e+06
5316.67	2.387953e+06
5324.67	2.390798e+06
5332.67	2.393673e+06
5340.67	2.396451e+06
5348.66	2.399608e+06
5356.66	2.402178e+06
5364.66	2.404921e+06
5372.66	2.407979e+06
5380.66	2.410655e+06
5388.65	2.413505e+06
5396.65	2.416180e+06
5404.65	2.419314e+06
5412.65	2.421857e+06
5420.65	2.424641e+06
5428.64	2.427326e+06
5436.64	2.430393e+06
5444.64	2.432870e+06
5452.64	2.435872e+06
5460.64	2.438283e+06
5468.63	2.441287e+06
5476.63	2.443840e+06
5484.63	2.446711e+06
5492.63	2.449267e+06
5500.63	2.452072e+06
5508.62	2.454562e+06
5516.62	2.457369e+06
5524.62	2.460145e+06
5532.62	2.462888e+06
5540.62	2.465247e+06
5548.61	2.468134e+06
5556.61	2.470638e+06
5564.61	2.473320e+06
5572.61	2.475900e+06
5580.61	2.478727e+06
5588.60	2.481101e+06
5596.60	2.484005e+06
5604.60	2.486174e+06
5612.60	2.489084e+06
5620.60	2.491539e+06
5628.59	2.494174e+06
5636.59	2.496776e+06
5644.59	2.499206e+06
5652.59	2.501744e+06
5660.59	2.504463e+06
5668.58	2.507009e+06
5676.58	2.509311e+06
5684.58	2.511933e+06
5692.58	2.514596e+06
5700.58	2.516802e+06
5708.57	2.519542e+06
5716.57	2.521970e+06
5724.57	2.524434e+06
5732.57	2.527152e+06
5740.57	2.529272e+06
5748.56	2.531714e+06
5756.56	2.534479e+06
5764.56	2.536578e+06
5772.56	2.539279e+06
5780.56	2.541670e+06
5788.55	2.543954e+06
5796.55	2.546497e+06
5804.55	2.548934e+06
5812.55	2.551199e+06
5820.55	2.553649e+06
5828.54	2.555992e+06
5836.54	2.558595e+06
5844.54	2.560737e+06
5852.54	2.563062e+06
5860.54	2.565573e+06
5868.53	2.567622e+06
5876.53	2.570287e+06
5884.53	2.572490e+06
5892.53	2.574878e+06
5900.53	2.577236e+06
5908.52	2.579424e+06
5916.52	2.581721e+06
5924.52	2.583987e+06
5932.52	2.586300e+06
5940.52	2.588723e+06
5948.51	2.590976e+06
5956.51	2.593121e+06
5964.51	2.595314e+06
5972.51	2.597695e+06
5980.51	2.599967e+06
5988.50	2.602070e+06
5996.50	2.604360e+06
6004.50	2.606622e+06
6012.50	2.608992e+06
6020.50	2.610837e+06
6028.49	2.613366e+06
6036.49	2.615370e+06
6044.49	2.617702e+06
6052.49	2.619566e+06
6060.49	2.622058e+06
6068.48	2.624082e+06
6076.48	2.626516e+06
6084.48	2.628343e+06
6092.48	2.630498e+06
6100.48	2.632706e+06
6108.47	2.634804e+06
6116.47	2.637092e+06
6124.47	2.638855e+06
6132.47	2.641223e+06
6140.47	2.643507e+06
6148.46	2.645322e+06
6156.46	2.647327e+06
6164.46	2.649664e+06
6172.46	2.651612e+06
6180.46	2.653532e+06
6188.45	2.655645e+06
6196.45	2.657867e+06
6204.45	2.659785e+06
6212.45	2.661951e+06
6220.45	2.663812e+06
6228.44	2.665783e+06
6236.44	2.668086e+06
6244.44	2.669863e+06
6252.44	2.671972e+06
6260.44	2.674054e+06
6268.43	2.675885e+06
6276.43	2.677772e+06
6284.43	2.679993e+06
6292.43	2.681740e+06
6300.43	2.683768e+06
6308.42	2.685906e+06
6316.42	2.687793e+06
6324.42	2.689515e+06
6332.42	2.691657e+06
6340.42	2.693462e+06
6348.41	2.695463e+06
6356.41	2.697299e+06
6364.41	2.699332e+06
6372.41	2.701115e+06
6380.41	2.703007e+06
6388.40	2.704960e+06
6396.40	2.706799e+06
6404.40	2.708560e+06
6412.40	2.710794e+06
6420.40	2.712278e+06
6428.39	2.714234e+06
6436.39	2.716027e+06
6444.39	2.718018e+06
6452.39	2.719757e+06
6460.39	2.721696e+06
6468.38	2.723382e+06
6476.38	2.725268e+06
6484.38	2.727128e+06
6492.38	2.728599e+06
6500.38	2.730769e+06
6508.37	2.732414e+06
6516.37	2.734170e+06
6524.37	2.736126e+06
6532.37	2.737693e+06
6540.37	2.739371e+06
6548.36	2.741250e+06
6556.36	2.743104e+06
6564.36	2.744795e+06
6572.36	2.746597e+06
6580.36	2.748238e+06
6588.35	2.749990e+06
6596.35	2.751579e+06
6604.35	2.753280e+06
6612.35	2.755047e+06
6620.35	2.756925e+06
6628.34	2.758414e+06
6636.34	2.760106e+06
6644.34	2.761910e+06
6652.34	2.763324e+06
6660.34	2.765306e+06
6668.33	2.766762e+06
6676.33	2.768602e+06
6684.33	2.770010e+06
6692.33	2.771757e+06
6700.33	2.773388e+06
6708.32	2.775086e+06
6716.32	2.776532e+06
6724.32	2.778411e+06
6732.32	2.779808e+06
6740.32	2.781410e+06
6748.31	2.783123e+06
6756.31	2.784541e+06
6764.31	2.786300e+06
6772.31	2.787941e+06
6780.31	2.789288e+06
6788.30	2.791111e+06
6796.30	2.792410e+06
6804.30	2.794050e+06
6812.30	2.795667e+06
6820.30	2.797030e+06
6828.29	2.798830e+06
6836.29	2.800242e+06
6844.29	2.801670e+06
6852.29	2.803265e+06
6860.29	2.804972e+06
6868.28	2.806195e+06
6876.28	2.807720e+06
6884.28	2.809358e+06
6892.28	2.810743e+06
6900.28	2.812335e+06
6908.27	2.813769e+06
6916.27	2.815085e+06
6924.27	2.816705e+06
6932.27	2.817975e+06
6940.27	2.819684e+06
6948.26	2.821006e+06
6956.26	2.822439e+06
6964.26	2.823947e+06
6972.26	2.825336e+06
6980.26	2.826799e+06
6988.25	2.828143e+06
6996.25	2.829697e+06
7004.25	2.830727e+06
7012.25	2.832603e+06
7020.25	2.833590e+06
7028.24	2.835288e+06
7036.24	2.836732e+06
7044.24	2.837652e+06
7052.24	2.839285e+06
7060.24	2.840896e+06
7068.23	2.841885e+06
7076.23	2.843552e+06
7084.23	2.844498e+06
7092.23	2.846256e+06
7100.23	2.847393e+06
7108.22	2.848741e+06
7116.22	2.849969e+06
7124.22	2.851373e+06
7132.22	2.852792e+06
7140.22	2.854190e+06
7148.21	2.855064e+06
7156.21	2.856753e+06
7164.21	2.857854e+06
7172.21	2.859267e+06
7180.21	2.860426e+06
7188.20	2.861798e+06
7196.20	2.862916e+06
7204.20	2.864246e+06
7212.20	2.865691e+06
7220.20	2.866846e+06
7228.19	2.867881e+06
7236.19	2.869499e+06
7244.19	2.870359e+06
7252.19	2.871936e+06
7260.19	2.872889e+06
7268.18	2.874158e+06
7276.18	2.875675e+06
7284.18	2.876434e+06
7292.18	2.877910e+06
7300.18	2.879099e+06
7308.17	2.880301e+06
7316.17	2.881215e+06
7324.17	2.882714e+06
7332.17	2.883722e+06
7340.17	2.884946e+06
7348.16	2.886151e+06
7356.16	2.887336e+06
7364.16	2.888501e+06
7372.16	2.889647e+06
7380.16	2.890641e+06
7388.15	2.891984e+06
7396.15	2.893072e+06
7404.15	2.894141e+06
7412.15	2.895190e+06
7420.15	2.896693e+06
7428.14	2.897335e+06
7436.14	2.898564e+06
7444.14	2.899774e+06
7452.14	2.900832e+06
7460.14	2.902137e+06
7468.13	2.902921e+06
7476.13	2.904055e+06
7484.13	2.905408e+06
7492.13	2.906135e+06
7500.13	2.907451e+06
7508.12	2.908274e+06
7516.12	2.909420e+06
7524.12	2.910444e+06
7532.12	2.911686e+06
7540.12	2.912672e+06
7548.11	2.913745e+06
7556.11	2.914696e+06
7564.11	2.915495e+06
7572.11	2.916884e+06
7580.11	2.917779e+06
7588.10	2.918524e+06
7596.10	2.919992e+06
7604.10	2.920807e+06
7612.10	2.921631e+06
7620.10	2.922912e+06
7628.09	2.923701e+06
7636.09	2.924815e+06
7644.09	2.925673e+06
7652.09	2.926779e+06
7660.09	2.927708e+06
7668.08	2.928540e+06
7676.08	2.929806e+06
7684.08	2.930339e+06
7692.08	2.931702e+06
7700.08	2.932332e+06
7708.07	2.933528e+06
7716.07	2.934231e+06
7724.07	2.935287e+06
7732.07	2.936087e+06
7740.07	2.937215e+06
7748.06	2.937981e+06
7756.06	2.939076e+06
7764.06	2.939808e+06
7772.06	2.940869e+06
7780.06	2.941436e+06
7788.05	2.942728e+06
7796.05	2.943368e+06
7804.05	2.944255e+06
7812.05	2.945366e+06
7820.05	2.946088e+06
7828.04	2.946794e+06
7836.04	2.947855e+06
7844.04	2.948528e+06
7852.04	2.949556e+06
7860.04	2.950568e+06
7868.03	2.951061e+06
7876.03	2.952280e+06
7884.03	2.952764e+06
7892.03	2.953820e+06
7900.03	2.954619e+06
7908.02	2.955294e+06
7916.02	2.956303e+06
7924.02	2.956946e+06
7932.02	2.957922e+06
7940.02	2.958642e+06
7948.01	2.959478e+06
7956.01	2.960167e+06
7964.01	2.961212e+06
7972.01	2.961629e+06
7980.01	2.962752e+06
7988.00	2.963269e+06
7996.00	2.964121e+06