Material: iron, G calculated based on spin resolved DFT calculation from Jan Vorberger, sum mino+majo, lattice temperature: 295 K
Temperature [K], G_ep [W/(m^3K)]
10.00	7.410072e+17 
18.00	7.624085e+17 
26.00	7.849001e+17 
33.99	8.082004e+17 
41.99	8.318466e+17 
49.99	8.552957e+17 
57.99	8.780508e+17 
65.99	8.997436e+17 
73.98	9.201453e+17 
81.98	9.391364e+17 
89.98	9.566839e+17 
97.98	9.728094e+17 
105.98	9.875690e+17 
113.97	1.001038e+18 
121.97	1.013302e+18 
129.97	1.024453e+18 
137.97	1.034583e+18 
145.97	1.043780e+18 
153.96	1.052137e+18 
161.96	1.059728e+18 
169.96	1.066643e+18 
177.96	1.072949e+18 
185.96	1.078720e+18 
193.95	1.084017e+18 
201.95	1.088906e+18 
209.95	1.093437e+18 
217.95	1.097661e+18 
225.95	1.101625e+18 
233.94	1.105374e+18 
241.94	1.108946e+18 
249.94	1.112367e+18 
257.94	1.115673e+18 
265.94	1.118885e+18 
273.93	1.122030e+18 
281.93	1.125127e+18 
289.93	1.128190e+18 
297.93	1.131236e+18 
305.93	1.134277e+18 
313.92	1.137326e+18 
321.92	1.140381e+18 
329.92	1.143458e+18 
337.92	1.146567e+18 
345.92	1.149692e+18 
353.91	1.152851e+18 
361.91	1.156040e+18 
369.91	1.159263e+18 
377.91	1.162512e+18 
385.91	1.165800e+18 
393.90	1.169112e+18 
401.90	1.172455e+18 
409.90	1.175829e+18 
417.90	1.179224e+18 
425.90	1.182639e+18 
433.89	1.186081e+18 
441.89	1.189526e+18 
449.89	1.193005e+18 
457.89	1.196480e+18 
465.89	1.199972e+18 
473.88	1.203471e+18 
481.88	1.206976e+18 
489.88	1.210485e+18 
497.88	1.213993e+18 
505.88	1.217528e+18 
513.87	1.221052e+18 
521.87	1.224576e+18 
529.87	1.228085e+18 
537.87	1.231591e+18 
545.87	1.235097e+18 
553.86	1.238576e+18 
561.86	1.242059e+18 
569.86	1.245518e+18 
577.86	1.248965e+18 
585.86	1.252398e+18 
593.85	1.255816e+18 
601.85	1.259219e+18 
609.85	1.262599e+18 
617.85	1.265968e+18 
625.85	1.269318e+18 
633.84	1.272642e+18 
641.84	1.275960e+18 
649.84	1.279251e+18 
657.84	1.282522e+18 
665.84	1.285777e+18 
673.83	1.289019e+18 
681.83	1.292232e+18 
689.83	1.295430e+18 
697.83	1.298613e+18 
705.83	1.301767e+18 
713.82	1.304919e+18 
721.82	1.308104e+18 
729.82	1.311803e+18 
737.82	1.315486e+18 
745.82	1.319155e+18 
753.81	1.322809e+18 
761.81	1.326456e+18 
769.81	1.330078e+18 
777.81	1.333528e+18 
785.81	1.336960e+18 
793.80	1.340374e+18 
801.80	1.343780e+18 
809.80	1.347169e+18 
817.80	1.350547e+18 
825.80	1.353919e+18 
833.79	1.357274e+18 
841.79	1.360612e+18 
849.79	1.363943e+18 
857.79	1.367268e+18 
865.79	1.370586e+18 
873.78	1.373887e+18 
881.78	1.377185e+18 
889.78	1.380477e+18 
897.78	1.383754e+18 
905.78	1.387027e+18 
913.77	1.390295e+18 
921.77	1.393561e+18 
929.77	1.396820e+18 
937.77	1.400071e+18 
945.77	1.403324e+18 
953.76	1.406568e+18 
961.76	1.409810e+18 
969.76	1.413051e+18 
977.76	1.416297e+18 
985.76	1.419535e+18 
993.75	1.422784e+18 
1001.75	1.426033e+18 
1009.75	1.429284e+18 
1017.75	1.432534e+18 
1025.75	1.435786e+18 
1033.74	1.439049e+18 
1041.74	1.442304e+18 
1049.74	1.445562e+18 
1057.74	1.448832e+18 
1065.74	1.452104e+18 
1073.73	1.455379e+18 
1081.73	1.458658e+18 
1089.73	1.461941e+18 
1097.73	1.465230e+18 
1105.73	1.468276e+18 
1113.72	1.470908e+18 
1121.72	1.473553e+18 
1129.72	1.476206e+18 
1137.72	1.478858e+18 
1145.72	1.481524e+18 
1153.71	1.484197e+18 
1161.71	1.486879e+18 
1169.71	1.489556e+18 
1177.71	1.492254e+18 
1185.71	1.494955e+18 
1193.70	1.497633e+18 
1201.70	1.500326e+18 
1209.70	1.503031e+18 
1217.70	1.505744e+18 
1225.70	1.508461e+18 
1233.69	1.511195e+18 
1241.69	1.513938e+18 
1249.69	1.516690e+18 
1257.69	1.519456e+18 
1265.69	1.522238e+18 
1273.68	1.525031e+18 
1281.68	1.527829e+18 
1289.68	1.530645e+18 
1297.68	1.533472e+18 
1305.68	1.536317e+18 
1313.67	1.539177e+18 
1321.67	1.542047e+18 
1329.67	1.544924e+18 
1337.67	1.547825e+18 
1345.67	1.550741e+18 
1353.66	1.553672e+18 
1361.66	1.556611e+18 
1369.66	1.559573e+18 
1377.66	1.562794e+18 
1385.66	1.567065e+18 
1393.65	1.571804e+18 
1401.65	1.576565e+18 
1409.65	1.581356e+18 
1417.65	1.586170e+18 
1425.65	1.591015e+18 
1433.64	1.595889e+18 
1441.64	1.600796e+18 
1449.64	1.605726e+18 
1457.64	1.610687e+18 
1465.64	1.615681e+18 
1473.63	1.620704e+18 
1481.63	1.625754e+18 
1489.63	1.630838e+18 
1497.63	1.635952e+18 
1505.63	1.641100e+18 
1513.62	1.646281e+18 
1521.62	1.651490e+18 
1529.62	1.656739e+18 
1537.62	1.662014e+18 
1545.62	1.667323e+18 
1553.61	1.672720e+18 
1561.61	1.678465e+18 
1569.61	1.684252e+18 
1577.61	1.690079e+18 
1585.61	1.695940e+18 
1593.60	1.701846e+18 
1601.60	1.707786e+18 
1609.60	1.713767e+18 
1617.60	1.721268e+18 
1625.60	1.729211e+18 
1633.59	1.737226e+18 
1641.59	1.745328e+18 
1649.59	1.753511e+18 
1657.59	1.761775e+18 
1665.59	1.770132e+18 
1673.58	1.778578e+18 
1681.58	1.787106e+18 
1689.58	1.795722e+18 
1697.58	1.804442e+18 
1705.58	1.813249e+18 
1713.57	1.822150e+18 
1721.57	1.831151e+18 
1729.57	1.840259e+18 
1737.57	1.849176e+18 
1745.57	1.858016e+18 
1753.56	1.866955e+18 
1761.56	1.876006e+18 
1769.56	1.885167e+18 
1777.56	1.894428e+18 
1785.56	1.903815e+18 
1793.55	1.913306e+18 
1801.55	1.922918e+18 
1809.55	1.932651e+18 
1817.55	1.941141e+18 
1825.55	1.948165e+18 
1833.54	1.955243e+18 
1841.54	1.962369e+18 
1849.54	1.969549e+18 
1857.54	1.976783e+18 
1865.54	1.984059e+18 
1873.53	1.991398e+18 
1881.53	1.998784e+18 
1889.53	2.006230e+18 
1897.53	2.013728e+18 
1905.53	2.021278e+18 
1913.52	2.028881e+18 
1921.52	2.036296e+18 
1929.52	2.043736e+18 
1937.52	2.051231e+18 
1945.52	2.058781e+18 
1953.51	2.066387e+18 
1961.51	2.074055e+18 
1969.51	2.081770e+18 
1977.51	2.089545e+18 
1985.51	2.097380e+18 
1993.50	2.105264e+18 
2001.50	2.113100e+18 
2009.50	2.120897e+18 
2017.50	2.128752e+18 
2025.50	2.136660e+18 
2033.49	2.144630e+18 
2041.49	2.152650e+18 
2049.49	2.160734e+18 
2057.49	2.168872e+18 
2065.49	2.177064e+18 
2073.48	2.185321e+18 
2081.48	2.193637e+18 
2089.48	2.202006e+18 
2097.48	2.210443e+18 
2105.48	2.218766e+18 
2113.47	2.227070e+18 
2121.47	2.235437e+18 
2129.47	2.243864e+18 
2137.47	2.252356e+18 
2145.47	2.260900e+18 
2153.46	2.269514e+18 
2161.46	2.278186e+18 
2169.46	2.286609e+18 
2177.46	2.294728e+18 
2185.46	2.302901e+18 
2193.45	2.311125e+18 
2201.45	2.319403e+18 
2209.45	2.327736e+18 
2217.45	2.336118e+18 
2225.45	2.344555e+18 
2233.44	2.353042e+18 
2241.44	2.361584e+18 
2249.44	2.370179e+18 
2257.44	2.378828e+18 
2265.44	2.387537e+18 
2273.43	2.396294e+18 
2281.43	2.405111e+18 
2289.43	2.413980e+18 
2297.43	2.422881e+18 
2305.43	2.431823e+18 
2313.42	2.440818e+18 
2321.42	2.449871e+18 
2329.42	2.458147e+18 
2337.42	2.466149e+18 
2345.42	2.474193e+18 
2353.41	2.482271e+18 
2361.41	2.490391e+18 
2369.41	2.498552e+18 
2377.41	2.506754e+18 
2385.41	2.514991e+18 
2393.40	2.523264e+18 
2401.40	2.531584e+18 
2409.40	2.539939e+18 
2417.40	2.548336e+18 
2425.40	2.556768e+18 
2433.39	2.565241e+18 
2441.39	2.573756e+18 
2449.39	2.582312e+18 
2457.39	2.590904e+18 
2465.39	2.599538e+18 
2473.38	2.608276e+18 
2481.38	2.618644e+18 
2489.38	2.629079e+18 
2497.38	2.639586e+18 
2505.38	2.650143e+18 
2513.37	2.660762e+18 
2521.37	2.671461e+18 
2529.37	2.682230e+18 
2537.37	2.693074e+18 
2545.37	2.703994e+18 
2553.36	2.714981e+18 
2561.36	2.726057e+18 
2569.36	2.737206e+18 
2577.36	2.748429e+18 
2585.36	2.759733e+18 
2593.35	2.771112e+18 
2601.35	2.782579e+18 
2609.35	2.794124e+18 
2617.35	2.805377e+18 
2625.35	2.815118e+18 
2633.34	2.824902e+18 
2641.34	2.834737e+18 
2649.34	2.844614e+18 
2657.34	2.854532e+18 
2665.34	2.864502e+18 
2673.33	2.874514e+18 
2681.33	2.884579e+18 
2689.33	2.894681e+18 
2697.33	2.904834e+18 
2705.33	2.915036e+18 
2713.32	2.925280e+18 
2721.32	2.935547e+18 
2729.32	2.945862e+18 
2737.32	2.956216e+18 
2745.32	2.966627e+18 
2753.31	2.977107e+18 
2761.31	2.988533e+18 
2769.31	3.000030e+18 
2777.31	3.011589e+18 
2785.31	3.023210e+18 
2793.30	3.034896e+18 
2801.30	3.046653e+18 
2809.30	3.058476e+18 
2817.30	3.070368e+18 
2825.30	3.082326e+18 
2833.29	3.094354e+18 
2841.29	3.106454e+18 
2849.29	3.118621e+18 
2857.29	3.130861e+18 
2865.29	3.143169e+18 
2873.28	3.155556e+18 
2881.28	3.168009e+18 
2889.28	3.180963e+18 
2897.28	3.194573e+18 
2905.28	3.208289e+18 
2913.27	3.222102e+18 
2921.27	3.236010e+18 
2929.27	3.250024e+18 
2937.27	3.264135e+18 
2945.27	3.278363e+18 
2953.26	3.292695e+18 
2961.26	3.307197e+18 
2969.26	3.321816e+18 
2977.26	3.336532e+18 
2985.26	3.351367e+18 
2993.25	3.366320e+18 
3001.25	3.381379e+18 
3009.25	3.396568e+18 
3017.25	3.411479e+18 
3025.25	3.425606e+18 
3033.24	3.439815e+18 
3041.24	3.454123e+18 
3049.24	3.468522e+18 
3057.24	3.483011e+18 
3065.24	3.497598e+18 
3073.23	3.512284e+18 
3081.23	3.527060e+18 
3089.23	3.541937e+18 
3097.23	3.556918e+18 
3105.23	3.571994e+18 
3113.22	3.587177e+18 
3121.22	3.602466e+18 
3129.22	3.617853e+18 
3137.22	3.633349e+18 
3145.22	3.649255e+18 
3153.21	3.665505e+18 
3161.21	3.681883e+18 
3169.21	3.698379e+18 
3177.21	3.715010e+18 
3185.21	3.731772e+18 
3193.20	3.748657e+18 
3201.20	3.765685e+18 
3209.20	3.782843e+18 
3217.20	3.800140e+18 
3225.20	3.817607e+18 
3233.19	3.835218e+18 
3241.19	3.852980e+18 
3249.19	3.870893e+18 
3257.19	3.888952e+18 
3265.19	3.906526e+18 
3273.18	3.921035e+18 
3281.18	3.935602e+18 
3289.18	3.950249e+18 
3297.18	3.964961e+18 
3305.18	3.979740e+18 
3313.17	3.994593e+18 
3321.17	4.009520e+18 
3329.17	4.024515e+18 
3337.17	4.039588e+18 
3345.17	4.054729e+18 
3353.16	4.069946e+18 
3361.16	4.085234e+18 
3369.16	4.100603e+18 
3377.16	4.116042e+18 
3385.16	4.131559e+18 
3393.15	4.147100e+18 
3401.15	4.162721e+18 
3409.15	4.178422e+18 
3417.15	4.194198e+18 
3425.15	4.210051e+18 
3433.14	4.225988e+18 
3441.14	4.242007e+18 
3449.14	4.258108e+18 
3457.14	4.274286e+18 
3465.14	4.290550e+18 
3473.13	4.306903e+18 
3481.13	4.323338e+18 
3489.13	4.339855e+18 
3497.13	4.356463e+18 
3505.13	4.375591e+18 
3513.12	4.405487e+18 
3521.12	4.435948e+18 
3529.12	4.466902e+18 
3537.12	4.498385e+18 
3545.12	4.530421e+18 
3553.11	4.563142e+18 
3561.11	4.596456e+18 
3569.11	4.630467e+18 
3577.11	4.665201e+18 
3585.11	4.700645e+18 
3593.10	4.736825e+18 
3601.10	4.773820e+18 
3609.10	4.811660e+18 
3617.10	4.850285e+18 
3625.10	4.884975e+18 
3633.09	4.916025e+18 
3641.09	4.947583e+18 
3649.09	4.979663e+18 
3657.09	5.012246e+18 
3665.09	5.045346e+18 
3673.08	5.079020e+18 
3681.08	5.113248e+18 
3689.08	5.148042e+18 
3697.08	5.183468e+18 
3705.08	5.219544e+18 
3713.07	5.256250e+18 
3721.07	5.293607e+18 
3729.07	5.331634e+18 
3737.07	5.369791e+18 
3745.07	5.401134e+18 
3753.06	5.432847e+18 
3761.06	5.465009e+18 
3769.06	5.497628e+18 
3777.06	5.530683e+18 
3785.06	5.564187e+18 
3793.05	5.598186e+18 
3801.05	5.632657e+18 
3809.05	5.667616e+18 
3817.05	5.703111e+18 
3825.05	5.739120e+18 
3833.04	5.775656e+18 
3841.04	5.812777e+18 
3849.04	5.850457e+18 
3857.04	5.882472e+18 
3865.04	5.913021e+18 
3873.03	5.943889e+18 
3881.03	5.975112e+18 
3889.03	6.006667e+18 
3897.03	6.038562e+18 
3905.03	6.070405e+18 
3913.02	6.102077e+18 
3921.02	6.134147e+18 
3929.02	6.166559e+18 
3937.02	6.199379e+18 
3945.02	6.232624e+18 
3953.01	6.266235e+18 
3961.01	6.300283e+18 
3969.01	6.328721e+18 
3977.01	6.353694e+18 
3985.01	6.378834e+18 
3993.00	6.404150e+18 
4001.00	6.429665e+18 
4009.00	6.455335e+18 
4017.00	6.481228e+18 
4024.99	6.507290e+18 
4032.99	6.533554e+18 
4040.99	6.560011e+18 
4048.99	6.586657e+18 
4056.99	6.613522e+18 
4064.98	6.640590e+18 
4072.98	6.667856e+18 
4080.98	6.688836e+18 
4088.98	6.705348e+18 
4096.98	6.721890e+18 
4104.97	6.738468e+18 
4112.97	6.755085e+18 
4120.97	6.771731e+18 
4128.97	6.788416e+18 
4136.97	6.805131e+18 
4144.96	6.821884e+18 
4152.96	6.838675e+18 
4160.96	6.855498e+18 
4168.96	6.872359e+18 
4176.96	6.889252e+18 
4184.95	6.906184e+18 
4192.95	6.918742e+18 
4200.95	6.929101e+18 
4208.95	6.939457e+18 
4216.95	6.949803e+18 
4224.94	6.960145e+18 
4232.94	6.970472e+18 
4240.94	6.980788e+18 
4248.94	6.991101e+18 
4256.94	7.001390e+18 
4264.93	7.011689e+18 
4272.93	7.021964e+18 
4280.93	7.032231e+18 
4288.93	7.042491e+18 
4296.93	7.052735e+18 
4304.92	7.061937e+18 
4312.92	7.070948e+18 
4320.92	7.079944e+18 
4328.92	7.088911e+18 
4336.92	7.097886e+18 
4344.91	7.106826e+18 
4352.91	7.115765e+18 
4360.91	7.124698e+18 
4368.91	7.133602e+18 
4376.91	7.142499e+18 
4384.90	7.151389e+18 
4392.90	7.160502e+18 
4400.90	7.169937e+18 
4408.90	7.179344e+18 
4416.90	7.188715e+18 
4424.89	7.198074e+18 
4432.89	7.207408e+18 
4440.89	7.216729e+18 
4448.89	7.226039e+18 
4456.89	7.235337e+18 
4464.88	7.244621e+18 
4472.88	7.253896e+18 
4480.88	7.263143e+18 
4488.88	7.272377e+18 
4496.88	7.281599e+18 
4504.87	7.290796e+18 
4512.87	7.299994e+18 
4520.87	7.309183e+18 
4528.87	7.318384e+18 
4536.87	7.327571e+18 
4544.86	7.336745e+18 
4552.86	7.345894e+18 
4560.86	7.355043e+18 
4568.86	7.364166e+18 
4576.86	7.373276e+18 
4584.85	7.382359e+18 
4592.85	7.391443e+18 
4600.85	7.400499e+18 
4608.85	7.409557e+18 
4616.85	7.418587e+18 
4624.84	7.427604e+18 
4632.84	7.436680e+18 
4640.84	7.445769e+18 
4648.84	7.454832e+18 
4656.84	7.463881e+18 
4664.83	7.472917e+18 
4672.83	7.481939e+18 
4680.83	7.490947e+18 
4688.83	7.499928e+18 
4696.83	7.508897e+18 
4704.82	7.517865e+18 
4712.82	7.526806e+18 
4720.82	7.535718e+18 
4728.82	7.544632e+18 
4736.82	7.553545e+18 
4744.81	7.562508e+18 
4752.81	7.571445e+18 
4760.81	7.580368e+18 
4768.81	7.589277e+18 
4776.81	7.598172e+18 
4784.80	7.607039e+18 
4792.80	7.615906e+18 
4800.80	7.624746e+18 
4808.80	7.633571e+18 
4816.80	7.642382e+18 
4824.79	7.651179e+18 
4832.79	7.659949e+18 
4840.79	7.668717e+18 
4848.79	7.677597e+18 
4856.79	7.686483e+18 
4864.78	7.695355e+18 
4872.78	7.704212e+18 
4880.78	7.713055e+18 
4888.78	7.721883e+18 
4896.78	7.730684e+18 
4904.77	7.739484e+18 
4912.77	7.748257e+18 
4920.77	7.757015e+18 
4928.77	7.765758e+18 
4936.77	7.774487e+18 
4944.76	7.783202e+18 
4952.76	7.792036e+18 
4960.76	7.801042e+18 
4968.76	7.810023e+18 
4976.76	7.818990e+18 
4984.75	7.827942e+18 
4992.75	7.836880e+18 
5000.75	7.845803e+18 
5008.75	7.854713e+18 
5016.75	7.863595e+18 
5024.74	7.872476e+18 
5032.74	7.881330e+18 
5040.74	7.890169e+18 
5048.74	7.898994e+18 
5056.74	7.907850e+18 
5064.73	7.917217e+18 
5072.73	7.926571e+18 
5080.73	7.935901e+18 
5088.73	7.945228e+18 
5096.73	7.954531e+18 
5104.72	7.963820e+18 
5112.72	7.973106e+18 
5120.72	7.982367e+18 
5128.72	7.991604e+18 
5136.72	8.000839e+18 
5144.71	8.010009e+18 
5152.71	8.019087e+18 
5160.71	8.028141e+18 
5168.71	8.035996e+18 
5176.71	8.043439e+18 
5184.70	8.050852e+18 
5192.70	8.058250e+18 
5200.70	8.065634e+18 
5208.70	8.072999e+18 
5216.70	8.080336e+18 
5224.69	8.087670e+18 
5232.69	8.094989e+18 
5240.69	8.102279e+18 
5248.69	8.109554e+18 
5256.69	8.116824e+18 
5264.68	8.124067e+18 
5272.68	8.131239e+18 
5280.68	8.138328e+18 
5288.68	8.145400e+18 
5296.68	8.152444e+18 
5304.67	8.159484e+18 
5312.67	8.166508e+18 
5320.67	8.173504e+18 
5328.67	8.180496e+18 
5336.67	8.187458e+18 
5344.66	8.194405e+18 
5352.66	8.201336e+18 
5360.66	8.208250e+18 
5368.66	8.215149e+18 
5376.66	8.222015e+18 
5384.65	8.228789e+18 
5392.65	8.235534e+18 
5400.65	8.242276e+18 
5408.65	8.249003e+18 
5416.65	8.255698e+18 
5424.64	8.262377e+18 
5432.64	8.269056e+18 
5440.64	8.275704e+18 
5448.64	8.282335e+18 
5456.64	8.288949e+18 
5464.63	8.295549e+18 
5472.63	8.302131e+18 
5480.63	8.308683e+18 
5488.63	8.315027e+18 
5496.63	8.321338e+18 
5504.62	8.327619e+18 
5512.62	8.333898e+18 
5520.62	8.340147e+18 
5528.62	8.346379e+18 
5536.62	8.352609e+18 
5544.61	8.358809e+18 
5552.61	8.364992e+18 
5560.61	8.371158e+18 
5568.61	8.377309e+18 
5576.61	8.383443e+18 
5584.60	8.389549e+18 
5592.60	8.395585e+18 
5600.60	8.401578e+18 
5608.60	8.407540e+18 
5616.60	8.413501e+18 
5624.59	8.419432e+18 
5632.59	8.425359e+18 
5640.59	8.431257e+18 
5648.59	8.437138e+18 
5656.59	8.443003e+18 
5664.58	8.448853e+18 
5672.58	8.454686e+18 
5680.58	8.460503e+18 
5688.58	8.466302e+18 
5696.58	8.472178e+18 
5704.57	8.478122e+18 
5712.57	8.484038e+18 
5720.57	8.489950e+18 
5728.57	8.495845e+18 
5736.57	8.501711e+18 
5744.56	8.507574e+18 
5752.56	8.513408e+18 
5760.56	8.519224e+18 
5768.56	8.525039e+18 
5776.56	8.530823e+18 
5784.55	8.536592e+18 
5792.55	8.542344e+18 
5800.55	8.548033e+18 
5808.55	8.553621e+18 
5816.55	8.559193e+18 
5824.54	8.564749e+18 
5832.54	8.570277e+18 
5840.54	8.575799e+18 
5848.54	8.581307e+18 
5856.54	8.586785e+18 
5864.53	8.592259e+18 
5872.53	8.597718e+18 
5880.53	8.603147e+18 
5888.53	8.608560e+18 
5896.53	8.613971e+18 
5904.52	8.619338e+18 
5912.52	8.624641e+18 
5920.52	8.629941e+18 
5928.52	8.635212e+18 
5936.52	8.640467e+18 
5944.51	8.645704e+18 
5952.51	8.650927e+18 
5960.51	8.656132e+18 
5968.51	8.661323e+18 
5976.51	8.666484e+18 
5984.50	8.671641e+18 
5992.50	8.676782e+18 
6000.50	8.681908e+18 
6008.50	8.687000e+18 
6016.50	8.692016e+18 
6024.49	8.697004e+18 
6032.49	8.701988e+18 
6040.49	8.706944e+18 
6048.49	8.711896e+18 
6056.49	8.716820e+18 
6064.48	8.721727e+18 
6072.48	8.726632e+18 
6080.48	8.731508e+18 
6088.48	8.736368e+18 
6096.48	8.741212e+18 
6104.47	8.746040e+18 
6112.47	8.750852e+18 
6120.47	8.755583e+18 
6128.47	8.760294e+18 
6136.47	8.764989e+18 
6144.46	8.769669e+18 
6152.46	8.774333e+18 
6160.46	8.778981e+18 
6168.46	8.783614e+18 
6176.46	8.788217e+18 
6184.45	8.792817e+18 
6192.45	8.797403e+18 
6200.45	8.801959e+18 
6208.45	8.806513e+18 
6216.45	8.811038e+18 
6224.44	8.815535e+18 
6232.44	8.819998e+18 
6240.44	8.824446e+18 
6248.44	8.828891e+18 
6256.44	8.833307e+18 
6264.43	8.837708e+18 
6272.43	8.842106e+18 
6280.43	8.846475e+18 
6288.43	8.850830e+18 
6296.43	8.855169e+18 
6304.42	8.859492e+18 
6312.42	8.863800e+18 
6320.42	8.868093e+18 
6328.42	8.872135e+18 
6336.42	8.876083e+18 
6344.41	8.880015e+18 
6352.41	8.883931e+18 
6360.41	8.887833e+18 
6368.41	8.891720e+18 
6376.41	8.895578e+18 
6384.40	8.899434e+18 
6392.40	8.903276e+18 
6400.40	8.907102e+18 
6408.40	8.910901e+18 
6416.40	8.914697e+18 
6424.39	8.918465e+18 
6432.39	8.922796e+18 
6440.39	8.927390e+18 
6448.39	8.931980e+18 
6456.39	8.936543e+18 
6464.38	8.941102e+18 
6472.38	8.945635e+18 
6480.38	8.950163e+18 
6488.38	8.954665e+18 
6496.38	8.959152e+18 
6504.37	8.963624e+18 
6512.37	8.968092e+18 
6520.37	8.972533e+18 
6528.37	8.976959e+18 
6536.37	8.981199e+18 
6544.36	8.985305e+18 
6552.36	8.989395e+18 
6560.36	8.993471e+18 
6568.36	8.997531e+18 
6576.36	9.001577e+18 
6584.35	9.005607e+18 
6592.35	9.009623e+18 
6600.35	9.013624e+18 
6608.35	9.017609e+18 
6616.35	9.021580e+18 
6624.34	9.025536e+18 
6632.34	9.029477e+18 
6640.34	9.033415e+18 
6648.34	9.037338e+18 
6656.34	9.041257e+18 
6664.33	9.045161e+18 
6672.33	9.049040e+18 
6680.33	9.052915e+18 
6688.33	9.056775e+18 
6696.33	9.060609e+18 
6704.32	9.064440e+18 
6712.32	9.068245e+18 
6720.32	9.072046e+18 
6728.32	9.075822e+18 
6736.32	9.079594e+18 
6744.31	9.083348e+18 
6752.31	9.087106e+18 
6760.31	9.090839e+18 
6768.31	9.094568e+18 
6776.31	9.098271e+18 
6784.30	9.101960e+18 
6792.30	9.105646e+18 
6800.30	9.109306e+18 
6808.30	9.112952e+18 
6816.30	9.116583e+18 
6824.29	9.120211e+18 
6832.29	9.123813e+18 
6840.29	9.127401e+18 
6848.29	9.130959e+18 
6856.29	9.134480e+18 
6864.28	9.137988e+18 
6872.28	9.141481e+18 
6880.28	9.144970e+18 
6888.28	9.148435e+18 
6896.28	9.151885e+18 
6904.27	9.155321e+18 
6912.27	9.158743e+18 
6920.27	9.162151e+18 
6928.27	9.165534e+18 
6936.27	9.168913e+18 
6944.26	9.172279e+18 
6952.26	9.175639e+18 
6960.26	9.179000e+18 
6968.26	9.182346e+18 
6976.26	9.185678e+18 
6984.25	9.188986e+18 
6992.25	9.192290e+18 
7000.25	9.195581e+18 
7008.25	9.198857e+18 
7016.25	9.202109e+18 
7024.24	9.205358e+18 
7032.24	9.208593e+18 
7040.24	9.211814e+18 
7048.24	9.215011e+18 
7056.24	9.218215e+18 
7064.23	9.221415e+18 
7072.23	9.224611e+18 
7080.23	9.227794e+18 
7088.23	9.230953e+18 
7096.23	9.234108e+18 
7104.22	9.237239e+18 
7112.22	9.240367e+18 
7120.22	9.243471e+18 
7128.22	9.246572e+18 
7136.22	9.249649e+18 
7144.21	9.252713e+18 
7152.21	9.255773e+18 
7160.21	9.258822e+18 
7168.21	9.261893e+18 
7176.21	9.264940e+18 
7184.20	9.267974e+18 
7192.20	9.271005e+18 
7200.20	9.274012e+18 
7208.20	9.277006e+18 
7216.20	9.279997e+18 
7224.19	9.282964e+18 
7232.19	9.285918e+18 
7240.19	9.288859e+18 
7248.19	9.291786e+18 
7256.19	9.294710e+18 
7264.18	9.297622e+18 
7272.18	9.300548e+18 
7280.18	9.303460e+18 
7288.18	9.306360e+18 
7296.18	9.309246e+18 
7304.17	9.312119e+18 
7312.17	9.314989e+18 
7320.17	9.317836e+18 
7328.17	9.320670e+18 
7336.17	9.323491e+18 
7344.16	9.326299e+18 
7352.16	9.329094e+18 
7360.16	9.331876e+18 
7368.16	9.334655e+18 
7376.16	9.337449e+18 
7384.15	9.340230e+18 
7392.15	9.342999e+18 
7400.15	9.345754e+18 
7408.15	9.348487e+18 
7416.15	9.351217e+18 
7424.14	9.353934e+18 
7432.14	9.356638e+18 
7440.14	9.359330e+18 
7448.14	9.362009e+18 
7456.14	9.364675e+18 
7464.13	9.367319e+18 
7472.13	9.369958e+18 
7480.13	9.372579e+18 
7488.13	9.375187e+18 
7496.13	9.377773e+18 
7504.12	9.380357e+18 
7512.12	9.382927e+18 
7520.12	9.385486e+18 
7528.12	9.388022e+18 
7536.12	9.390556e+18 
7544.11	9.393077e+18 
7552.11	9.395576e+18 
7560.11	9.398072e+18 
7568.11	9.400556e+18 
7576.11	9.403005e+18 
7584.10	9.405412e+18 
7592.10	9.407797e+18 
7600.10	9.410180e+18 
7608.10	9.412550e+18 
7616.10	9.414899e+18 
7624.09	9.417245e+18 
7632.09	9.419570e+18 
7640.09	9.421891e+18 
7648.09	9.424192e+18 
7656.09	9.426489e+18 
7664.08	9.428765e+18 
7672.08	9.431039e+18 
7680.08	9.433279e+18 
7688.08	9.435476e+18 
7696.08	9.437652e+18 
7704.07	9.439816e+18 
7712.07	9.441978e+18 
7720.07	9.444119e+18 
7728.07	9.446257e+18 
7736.07	9.448374e+18 
7744.06	9.450479e+18 
7752.06	9.452582e+18 
7760.06	9.454664e+18 
7768.06	9.456734e+18 
7776.06	9.458802e+18 
7784.05	9.460840e+18 
7792.05	9.462838e+18 
7800.05	9.464824e+18 
7808.05	9.466808e+18 
7816.05	9.468771e+18 
7824.04	9.470723e+18 
7832.04	9.472664e+18 
7840.04	9.474602e+18 
7848.04	9.476519e+18 
7856.04	9.478425e+18 
7864.03	9.480320e+18 
7872.03	9.482203e+18 
7880.03	9.484085e+18 
7888.03	9.485934e+18 
7896.03	9.487739e+18 
7904.02	9.489533e+18 
7912.02	9.491315e+18 
7920.02	9.493087e+18 
7928.02	9.494846e+18 
7936.02	9.496595e+18 
7944.01	9.498333e+18 
7952.01	9.500060e+18 
7960.01	9.501775e+18 
7968.01	9.503489e+18 
7976.01	9.505183e+18 
7984.00	9.506866e+18 
7992.00	9.508510e+18 
8000.00	9.510059e+18 